70
70
70
70
70
70
70
70
70
70
70
70
70
70
70
70
70
70
70
70
70
70
70
70
70
70
70
70
70
70
70
70
70
70
70
70
70
70
70
70
70
70
70
70
70
70
70
70
70
70
70
70
70
70
70
70
70
70
70
70
70
70
70
70
70
70
70
70
70
70
70
70
70
70
70
70
70
70
70
70
70
70
70
70
70
70
70
70
70
70
70
70
70
70
70
70
70
70
70
70
70
70
70
70
70
70
70
70
70
70
70
70
70
70
70
70
70
70
70
70
70
70
70
70
70
70
70
70
70
70
70
70
70
70
70
70
70
70
70
70
70
70
70
70
70
70
70
70
70
70
70
70
70
70
70
70
70
70
70
70
70
70
70
70
70
70
70
70
70
70
70
70
70
70
70
70
70
70
70
70
70
70
70
70
70
70
70
70
70
70
70
70
70
70
70
70
70
70
71.669
73.564
75.347
76.941
78.375
79.848
81.361
83.001
84.95
87.353
90.219
93.516
97.185
101.15
105.38
109.9
114.67
119.65
124.78
130.02
135.33
140.84
146.73
153.22
160.53
168.66
178.31
190.2
205.16
224.17
247.94
277.07
313.95
360.58
418.7
490.27
574.82
671.8
779.89
896.87
1017.8
1135.5
1240.9
1326
1354.5
1197.9
1061
1020
1020
1020
915.03
776.17
651.72
548
467.53
409.22
369.54
343.72
327.37
317.72
313.24
312.55
314.32
317.46
321.11
324.69
327.47
328.8
328.71
327.71
326.29
324.64
322.1
318.27
313.43
308.2
303.04
298.12
293.56
289.6
286.85
286.4
289.71
298.04
311.51
328.06
343.36
351.78
348.8
333.03
306.92
275.66
244.84
218.31
197.41
180.16
166.54
155.5
145.88
137.06
128.74
120.81
113.22
105.96
99.033
92.435
86.167
80.223
74.6
70
70
70
70
70
70
70
70
70
70
70
70
70
70
70
70
70
70
70
70
70
70
70
70
70
70
70
70
70
70
70
70
70
70
70
70
70
70
70
70
70
70
70
70
70
70
70
70
70
70
70
70
70
70
70
70
70
70
70
70
70
70
70
70
70
70
70
70
70
70
70
70
70
70
70
70
70
70
70
70
70
70
70
70
70
70
70
70
70
70
70
70
70
70
70
70
70
70
70
70
70
70
70
70
70
70
70
70
70
70
70
70
70
70
70
70
70
70
70
70
70
70
70
70
70
70
70
70
70
70
70
70
70
70
70
70
70
70
70
70
70
70
70
70
70
70
70
70
70
70
70
70
70
70
70
70
70
70
70
70
70
70
70
70
70
70
70
70
70
70
70
70
70
70
70
70
70
70
70
70
70
70
70
70
70
70
70
70
70
70
70
70
70
70
70
70
70
70
70
70
70
70
70
70
70
70
70
70
70
70
70
70
70
70
70
70
70
70
70
70
70
70
70
70
70
70
70
70
70
70
70
70
70
70
70
70
70
70
70
70
70
70
70
70
70
70
70
70
70
70
70
70
70
70
70
70
70
70
70
70
70
70
70
70
70.454
73.259
76.475
79.967
83.691
87.506
91.407
95.036
98.632
102.57
107.07
112.25
118.44
125.72
134.08
143.6
154.29
166.32
179.95
195.54
213.45
233.93
257.98
287.05
323.05
367.64
422.75
489.5
567.59
656.08
752.29
851.37
949.2
1042.2
1124.2
1187.5
1225.4
1233
1208.8
1155.4
1078.5
983.4
876.1
765.31
663.12
578.23
512.53
465.35
434.93
418.61
412.73
413.85
417.94
422.31
425
427.37
430.21
433.65
437.25
440.55
442.44
442.71
441.92
440.12
437.69
435.06
432.16
429.07
425.56
421.58
417.26
412.8
408.52
405.09
403.47
404.65
409.07
415.85
422.31
424.55
418.84
403.63
380.33
352.65
324.77
299.69
278.62
260.05
242.98
227.84
214.01
201.05
188.74
177.01
165.81
155.12
144.95
135.29
126.12
117.44
109.24
101.52
94.248
87.431
81.05
75.089
70
70
70
70
70
70
70
70
70
70
70
70
70
70
70
70
70
70
70
70
70
70
70
70
70
70
70
70
70
70
70
70
70
70
70
70
70
70
70
70
70
70
70
70
70
70
70
70
70
70
70
70
70
70
70
70
70
70
70
70
70
70
70
70
70
70
70
70
70
70
70
70
70
70
70
70
70
70
70
70
70
70
70
70
70
70
70
70
70
70
70
70
70
70
70
70
70
70
70
70
70
70
70
70
70
70
70
70
70
70
70
70
70
70
70
70
70
70
70
70
70
70
70
70
70
70
70
70
70
70
70
70
70
70
70
70
70
70
70
70
70
70
70
70
70
70
70
70
70
70
70
70
70
70
70
70
70
70
70
70
70
70
70
70
70
70
70
70
70
70
70
70
70
70
70
70
70
70
70
70
70
70
70
70
70
70
70
70
70
70
70
70
70
70
70
70
70
70
70
70
70
70
70
70
70
70
70
70
70
70
70
70
70
70
70
70
70
70
70
70
70
70
70
70
70
70
70
70
70
70
70
70
70
70
70
70
70
70
70
70
70
70
70
70
70
71.899
74.46
77.207
79.969
82.559
84.078
85.118
87.147
90.518
94.994
100.2
105.88
111.91
118.13
124.5
131.07
137.87
145.14
152.92
161.36
170.44
180.03
190.23
201
212.32
224.16
236.56
249.85
261.95
272.88
284.37
297.43
312.81
330.2
348.88
369.29
392.3
419.98
453.03
492.56
538.25
592
654.51
725.27
803.64
886.12
967.57
1043.2
1107.8
1156.4
1184.9
1190.3
1171.6
1130.7
1071.2
999.56
924.06
852.75
791.72
742
702.33
671.78
651.01
637.6
628.72
622.91
619.58
616.92
611.02
603.5
596.7
590.57
585.25
579.87
574.35
568.38
561.55
553.97
545.23
536
527.07
518.62
510.61
502.9
494.97
487.96
484.24
487.14
498.2
516.68
539.03
557.93
561.32
544.64
504.73
451.43
398.23
353.21
318.3
292.06
272.24
256.75
243.97
232.69
221.45
209.43
197.48
185.83
174.56
163.7
153.28
143.32
133.83
124.82
116.28
108.22
100.63
93.494
86.812
80.564
74.739
70
70
70
70
70
70
70
70
70
70
70
70
70
70
70
70
70
70
70
70
70
70
70
70
70
70
70
70
70
70
70
70
70
70
70
70
70
70
70
70
70
70
70
70
70
70
70
70
70
70
70
70
70
70
70
70
70
70
70
70
70
70
70
70
70
70
70
70
70
70
70
70
70
70
70
70
70
70
70
70
70
70
70
70
70
70
70
70
70
70
70
70
70
70
70
70
70
70
70
70
70
70
70
70
70
70
70
70
70
70
70
70
70
70
70
70
70
70
70
70
70
70
70
70
70
70
70
70
70
70
70
70
70
70
70
70
70
70
70
70
70
70
70
70
70
70
70
70
70
70
70
70
70
70
70
70
70
70
70
70
70
70
70
70
70
70
70
70
70
70
70
70
70
70
70
70
70
70
70
70
70
70
70
70
70
70
70
70
70
70
70
70
70
70
70
70
72.421
76.536
81.286
86.551
92.22
98.218
104.63
111.28
118.06
124.96
133.64
143.21
153.63
164.98
176.71
189
200.54
210.93
220.42
229.71
238.92
247.84
255.56
263.21
275.03
292.23
312.39
333.2
353.73
372.95
390.23
405.47
418.17
428.63
437.25
444.97
451.89
458.34
467.33
477.25
486.5
495.22
503.1
509.75
513.34
515.59
518.05
520.95
523.64
525.03
524.27
521.79
518.7
516.88
524.65
531.2
537.79
547.99
561.36
574.41
585.39
597.98
609.77
619.13
627.1
638.8
652.73
670.85
692.41
718.15
749.48
782.52
813.6
838.31
856.16
868.43
875.91
880.96
885.29
888.28
891.6
896.3
903.61
912.65
924.73
938.96
950.83
964.51
980.91
999.69
1021.4
1046.4
1075
1096.2
1108.9
1118.5
1114.6
1101.5
1088.1
1075.8
1062.5
1042.5
1017.3
989.24
959.91
931.13
904.89
883.02
866.39
852.59
841.06
832.58
827.92
826.96
829.02
832.3
834.48
834.63
834.11
834
835
836.8
838.76
840.05
839.65
833.29
817.85
795.17
768.94
743.37
724.29
712.37
705.1
700.11
695.91
691.49
685.99
679.23
670.74
660.24
648.33
635.54
622.5
609.59
596.61
583.15
568.95
554.03
538.67
523.15
505.45
481.41
456.44
432.11
408.74
386.42
365.17
344.99
325.87
307.87
290.9
275
260.12
246.24
233.28
221.15
209.82
199.24
189.37
180.18
171.66
163.76
156.48
149.76
143.59
137.92
132.72
127.99
123.7
119.81
116.25
112.99
109.99
107.25
104.74
102.45
100.37
98.457
96.7
95.075
93.561
92.148
90.819
89.562
88.366
87.223
86.131
85.066
84.031
83.02
82.024
81.043
80.071
79.104
78.138
77.175
76.21
75.248
74.282
73.313
72.339
71.361
70.377
70
70
70
70
70
70
70
70
70
70
70
70
70
70
70
70
70
70
70
70
70
70
70
70
70
70
70
70
70
70
70
70
70
70
70
70
70
70
70
70
70
70
70
70
70
70
70
70
70
70
70
70
70
70
70
70
70
70
70
70
70
70
70
70
70
70
70
70
70
70
70
70
70
70
70
70
70
70
70
70
70
70
70
70
70
70
70
70
70
70
70
70
70
70
70
70
70
70
70
70
70
70
70
70
70
70
70
70
70
70
70
70
70
70
70
70
70
70
70
70
70
70
70
70
70
70
70
70
70
70
70
70
70
70
70
70
70
70
70
70
70
70
70
70
70
70
70
70
70
70
70
70
70
70
72.204
75.081
78.027
81.164
84.598
87.978
91.618
95.786
100.4
105.48
111.69
119
126.97
135.11
143.32
152.26
161.76
171.48
181.69
193.26
206.53
220.7
235.39
250.15
265.09
279.7
293.93
307.67
321.05
334.39
347.7
361.31
375.12
388.67
402.83
417.86
434.11
450.13
465.36
480.18
494.02
507.76
523.2
548.09
575.59
608.19
651.76
700.33
744.92
780.18
802.43
814.17
817.93
815.02
807.59
797.76
785.78
781.53
798.17
838.87
884.35
923.64
959.61
988.73
1010.1
1021.4
1026.8
1029.2
1029.3
1026.6
1021.2
1014.7
1006.3
996.76
985.89
974.24
962.63
950.43
937.91
925.9
915.04
906.35
900.9
899.07
901.88
909.29
923.58
944.66
972.28
1005.3
1043.8
1084
1123.4
1157.2
1183.5
1199
1204
1198.3
1182.5
1157.4
1124.2
1086.6
1048.9
1013.3
978.39
947.7
925.32
912.22
905.14
902.68
903.36
905.69
907.82
909.4
908.18
902.94
894.06
885.3
876.88
868.98
861.95
856
851.1
846.69
842.58
836.64
827.68
816.06
803.55
790.2
775.95
762.37
750.91
744.45
746.19
748.48
747.87
744.4
734.4
713.58
679.77
634.8
584
533.63
488.47
450.4
418.97
392.64
369.71
348.93
329.53
311.17
293.67
276.97
261.23
246.52
232.62
219.55
207.56
196.71
186.86
177.84
169.5
161.69
154.31
147.31
140.66
134.43
128.59
123.11
117.94
113.08
108.53
104.29
100.36
96.73
93.401
90.366
87.601
85.227
83.105
81.213
79.565
78.133
76.859
75.698
74.64
73.696
72.868
72.15
71.566
71.056
70.584
70.212
70
70
70
70
70
70
70
70
70
70
70
70
70
70
70
70
70
70
70
70
70
70
70
70
70
70
70
70
70
70
70
70
70
70
70
70
70
70
70
70
70
70
70
70
70
70
70
70
70
70
70
70
70
70
70
70
70
70
70
70
70
70
70
70
70
70
70
70
70
70
70
70
70
70
70
70
70
70
70
70
70
70
70
70
70
70
70
70
70
70
70
70
70
70
70
70
70
70
70
70
70
70
70
70
70
70
70
70
70
70
70
70
70
70
70
70
70
70
70
70
70
70
70
70
70
70
70
70
70
70
70
70
70
70
70
70
70
70
70
70
70
70
70
70
70
70
70
70
70
70
70
70
70
70
70
70
70
70
70
70
70
70
70
70
70
70
70
70
70
70
70
71.799
75.682
79.721
84.009
88.577
93.537
98.884
104.66
110.86
117.39
124.24
131.41
138.68
145.83
152.82
159.79
166.5
173.18
179.71
186.33
193.03
200.49
208.48
216.51
224.43
233.59
244.18
255.97
268.15
280.53
292.9
304.87
315.87
325.59
333.84
340.84
346.35
351.26
356.09
361.97
375.63
400.73
436.29
477.28
517.28
552.48
581.56
602.51
616.51
625.6
631.27
634.37
635.07
633.24
628.61
621.07
611.43
600.15
588.1
576.92
566.72
558.43
552.88
557.63
577.7
611.65
649.78
687.94
720.54
745.99
764.56
777.22
783.18
784.84
784.9
784.11
782.67
779.53
774.4
769.37
765.31
763.2
763.67
768.02
778.06
795.41
819.61
850.01
886.61
930.11
981.38
1037.1
1092.2
1142.1
1184.1
1214.9
1231.6
1231.9
1215.4
1183.6
1140.3
1090.3
1039.2
991.7
951.2
918.37
892.58
870.28
849.77
830.67
806.65
776.38
751.67
741.48
736.92
738.81
743.45
748.36
745.9
744.38
742.98
743.33
744.16
742.13
739.07
736.71
734.53
729.46
722.09
708.32
689.71
671.65
657.28
647.06
640.4
636.91
636.73
640.22
646.9
654.37
658.22
653.58
625.03
576.52
528.78
487.46
452.9
423.71
398.2
375.09
353.59
333.31
314.07
295.81
278.49
262.08
246.56
231.91
218.08
205.08
192.86
181.41
170.68
160.66
151.3
142.59
134.51
127.02
120.1
113.71
107.84
102.45
97.504
92.984
88.861
85.106
81.692
78.591
75.78
73.238
70.944
70
70
70
70
70
70
70
70
70
70
70
70
70
70
70
70
70
70
70
70
70
70
70
70
70
70
70
70
70
70
70
70
70
70
70
70
70
70
70
70
70
70
70
70
70
70
70
70
70
70
70
70
70
70
70
70
70
70
70
70
70
70
70
70
70
70
70
70
70
70
70
70
70
70
70
70
70
70
70
70
70
70
70
70
70
70
70
70
70
70
70
70
70
70
70
70
70
70
70
70
70
70
70
70
70
70
70
70
70
70
70
70
70
70
70
70
70
70
70
70
70
70
70
70
70
70
70
70
70
70
70
70
70
70
70
70
70
70
70
70
70
70
70
70
70
70
70
70
70
70
70
70
70
70
70
70
70
70
70
70
70
70
70
70
70
70
70
70
70
70
70
70
70
70
70
70
70
70
70
70
70
70
70
70
70
70
70
70
70
70
71.533
76.662
82.547
89.819
99.981
112.69
127.09
142.29
157.99
173.88
189.85
206.11
222.77
239.57
256.09
272
287.09
301.69
316.96
335.14
354.23
373.6
393.5
412.82
431
456.2
479.53
498.65
514.46
528.34
541.67
557.49
571
579.49
588.67
598.88
609.77
620.71
630.73
642.21
653.13
664.63
675.87
686.19
694.58
699.98
701.67
700.25
696.99
693.47
691.33
690.3
691.92
695.51
700.41
707.34
715.89
722.88
727.27
731.21
733.99
734.64
734.59
732.29
729.5
729.28
731.86
736.6
742.08
746.93
751.66
756.61
762.9
769.33
774.64
780.85
791.93
804.42
820.12
840.97
868.53
901.23
938.26
979.32
1022.7
1069.1
1115.5
1159.2
1196.9
1223.9
1236.8
1233.1
1212
1175.7
1128.6
1077
1025.8
975.44
928.66
889.26
859.58
840.05
828.09
820.9
816.67
815.23
815.16
814.55
812.2
807.63
801.07
792.85
783.54
772.23
759.84
745.35
729.19
713.36
698.17
685.37
674.23
663.04
648.25
631.54
614.35
598.2
585.12
577.71
578.14
586.78
600.57
612.74
614.89
600.12
566.48
518.05
462.87
409.24
362.81
325.66
296.96
274.54
256.21
240.31
225.82
212.24
199.35
187.09
175.4
164.23
153.58
143.11
132.16
120.71
110.25
101.46
94.778
89.618
85.444
82.22
79.773
77.918
76.493
75.357
74.394
73.515
72.664
71.814
70.953
70.083
70
70
70
70
70
70
70
70
70
70
70
70
70
70
70
70
70
70
70
70
70
70
70
70
70
70
70
70
70
70
70
70
70
70
70
70
70
70
70
70
70
70
70
70
70
70
70
70
70
70
70
70
70
70
70
70
70
70
70
70
70
70
70
70
70
70
70
70
70
70
70
70
70
70
70
70
70
70
70
70
70
70
70
70
70
70
70
70
70
70
70
70
70
70
70
70
70
70
70
70
70
70
70
70
70
70
70
70
70
70
70
70
70
70
70
70
70
70
70
70
70
70
70
70
70
70
70
70
70
70
70
70
70
70
70
70
70
70
70
70
70
70
70
70
70
70
70
70
70
70
70
70
70
70
70
70
70
70
70
70
70
70
70
70
70
70
70
70
70
70
70
70
70
70
70
70
70
70
70
70
70
70
70
70
70
70
70
70
70
70
70
70
70
70
70
70
73.348
76.818
80.137
83.318
86.35
89.256
92.082
94.845
97.511
100.09
102.59
105.06
107.52
109.98
112.45
114.91
117.34
120.08
122.99
125.76
128.29
130.99
133.96
137.1
140.26
143.39
146.42
149.34
152.15
154.9
157.57
160.15
162.6
164.92
167.12
169.78
172.34
174.44
176.61
179.07
181.77
184.9
188.32
191.68
195.18
198.8
202.35
205.75
209.63
213.8
218.03
221.89
225.73
229.98
235.02
240.91
247.27
253.4
259.36
265.3
272.12
280.15
289.01
298.26
306.96
315.15
322.81
329.94
337.25
344.37
350.89
357.31
365.25
372.99
377.29
386.86
402.98
429.38
466.72
511.05
563.39
624.5
693.41
768.4
846.94
925.58
1000.1
1065.7
1117.3
1150.1
1160.2
1145.9
1107.7
1050.1
980.12
905.98
834.55
771.08
718.68
677.01
645.9
625.9
614.43
608.37
605.12
602.9
600.66
597.54
592.08
585.47
578.57
571.71
564.47
556.46
547.6
538.15
528.03
517.34
506.09
494.39
482.44
470.29
458.3
447.22
438.41
434.06
437.04
449.86
472.73
501.73
528.38
541.45
530.39
492.12
436.49
374.95
320.85
279.07
248.54
226.34
209.96
197.28
186.81
176.97
167.33
157.93
148.82
140.08
131.7
123.64
115.88
108.42
101.27
94.45
87.955
81.789
75.954
70.451
70
70
70
70
70
70
70
70
70
70
70
70
70
70
70
70
70
70
70
70
70
70
70
70
70
70
70
70
70
70
70
70
70
70
70
70
70
70
70
70
70
70
70
70
70
70
70
70
70
70
70
70
70
70
70
70
70
70
70
70
70
70
70
70
70
70
70
70
70
70
70
70
70
70
70
70
70
70
70
70
70
70
70
70
70
70
70
70
70
70
70
70
70
70
70
70
70
70
70
70
70
70
70
70
70
70
70
70
70
70
70
70
70
70
70
70
70
70
70
70
70
70
70
70
70
70
70
70
70
70
70
70
70
70
70
70
70
70
70
70
70
70
70
70
70
70
70
70
70
70
70
70
70
70
70
70
70
70
70
70
70
70
70
70
70
70
70
70
70
70
70
70
70
70
70
70
70
70
70
70
70
70
70
70
70
70
70
70
70
70
70
70
70
70
70
70
70
70
70
70
70
70
70
70
70
70
70
70
70
70
70
70
70
70
70
70
70
70
70
70
70
70
70
70
70
71.42
78.55
85.946
94.095
103.28
114.15
126.63
141.06
157.99
177.23
197.91
219.13
239.67
258.75
276.18
291.95
306.63
319.93
331.11
341.31
351.17
360.83
370.64
380.66
391.11
401.76
412.2
422.18
432.07
442.24
453.67
467.58
481.16
495.3
507.58
519.52
532.81
547.94
564.03
578.7
590.34
598.77
603.83
606.06
606.02
603.81
600.07
595.7
588.09
578.9
570.42
564.35
561.42
562.65
568.26
577.04
588.49
602.38
619.28
639.15
663.73
693.4
728.61
770.13
818.24
872.54
932.61
995.23
1057.1
1113.1
1157.1
1183.8
1188.9
1171
1131.3
1073.8
1004.2
927.98
850.8
778.82
718.35
673.48
644.23
624.79
609.14
599.07
594.93
594.59
595.69
596.48
596.24
595.78
593.07
588.83
584.77
581.67
578.9
576.02
572.86
569.34
565.41
560.94
555.69
549.61
542.7
535.43
528.68
524.33
524.93
533.07
546.22
563.61
579.93
586.58
576
545.56
498.96
444.46
390.86
344.42
307.45
279.24
257.56
240.08
225.07
211.48
198.78
186.72
175.2
164.2
153.7
143.72
134.23
125.23
116.7
108.63
101.03
93.861
87.132
80.822
74.921
70
70
70
70
70
70
70
70
70
70
70
70
70
70
70
70
70
70
70
70
70
70
70
70
70
70
70
70
70
70
70
70
70
70
70
70
70
70
70
70
70
70
70
70
70
70
70
70
70
70
70
70
70
70
70
70
70
70
70
70
70
70
70
70
70
70
70
70
70
70
70
70
70
70
70
70
70
70
70
70
70
70
70
70
70
70
70
70
70
70
70
70
70
70
70
70
70
70
70
70
70
70
70
70
70
70
70
70
70
70
70
70
70
70
70
70
70
70
70
70
70
70
70
70
70
70
70
70
70
70
70
70
70
70
70
70
70
70
70
70
70
70
70
70
70
70
70
70
70
70
70
70
70
70
70
70
70
70
70
70
70
70
70
70
70
70
70
70
70
70
70
70
70
70
70
70
70
70
70
70
70
70
70
70
70
70
70
70
70
70
70
70
70
70
70
70
70
70
70
70
70
70
70
70
70
70
70
70
70
70
70
70
70
70
70
70
70
70
70
70
70
70
70
70
70
70
70
70
70
70
70
70
70
70
70
70
70
70
70
74.465
79.507
84.701
89.955
95.373
100.75
106.06
111.36
116.77
122.54
128.98
135.62
142.35
149.4
157.21
166.13
176.1
186.81
198.07
209.78
221.65
233.34
244.4
254.91
265.87
277.15
286.63
294.76
302.16
308.76
314.85
320.98
327.7
335.49
344.28
353.75
363.87
375.09
387.32
400.55
415.18
433.04
455.42
482.92
515.27
552.75
596.76
646.54
703.56
767.91
837.02
908.6
979.78
1047.9
1108.2
1154.8
1182.3
1187.1
1168.7
1129.7
1074.8
1010.3
943.34
879.39
822.25
774.45
737.78
714.95
705.5
706.47
713.5
705.78
687.61
672.27
654.66
640.33
636.96
644.69
657.66
671.1
682.51
684.38
675.85
665.42
659.48
658.88
661.93
664.76
666.56
666.75
665.64
663.65
661.29
659.49
660.48
667.67
684.59
710.96
729.17
714.15
677.48
627.3
571.45
517.1
469.04
429.01
396.36
369.33
346.09
325.26
306.03
287.94
270.79
254.5
239.02
224.33
210.42
197.28
184.88
173.2
162.41
152.39
142.95
134.23
126.34
119.27
112.85
107.13
101.91
97.251
93.19
89.993
87.497
85.364
83.189
81.12
79.174
77.342
75.615
73.985
72.453
71.016
70
70
70
70
70
70
70
70
70
70
70
70
70
70
70
70
70
70
70
70
70
70
70
70
70
70
70
70
70
70
70
70
70
70
70
70
70
70
70
70
70
70
70
70
70
70
70
70
70
70
70
70
70
70
70
70
70
70
70
70
70
70
70
70
70
70
70
70
70
70
70
70
70
70
70
70
70
70
70
70
70
70
70
70
70
70
70
70
70
70
70
70
70
70
70
70
70
70
70
70
70
70
70
70
70
70
70
70
70
70
70
70
70
70
70
70
70
70
70
70
70
70
70
70
70
70
70
70
70
70
70
70
70
70
70
70
70
70
70
70
70
70
70
70
70
70
70
70
70
70
70
70
70
70
70
70
70
70
70
70
70
70
70
70
70
70
70
70
70
74.081
83.884
93.755
102.98
111.5
119.56
129.89
140.3
154.25
172.37
192.6
213.35
233.62
253
271.05
287.41
301.86
314.51
325.69
335.69
345.42
355.62
367.41
379.6
390.83
401.35
412.13
422.77
433.36
443.77
453.34
461.82
468.95
474.76
479.26
482.69
485.04
486.48
487.12
487.38
489.06
492.24
495.52
497.95
499.82
502.9
505.44
506.46
505.56
503.1
499.6
495.05
489.28
482.38
474.59
466.41
457.81
449.22
440.42
431.31
421.47
411.37
401.41
392.03
383.43
375.63
369.7
365.38
362.3
360.23
360.85
363.87
369.17
375.48
384.31
393.08
400.28
406.81
412.44
417.07
420.86
424.48
429.43
437.21
447.36
458.98
470.74
481.17
489.86
496.93
502.62
507.23
511.13
514.92
519.25
524.48
531.46
541.6
556.25
576.8
604.78
641.75
688.2
744.6
810.26
884.06
962.42
1040.7
1113
1172.5
1212.4
1226.4
1210.7
1164.6
1092.8
1003
905.51
811.07
727.21
654.97
596.19
552.61
525.02
510.57
506.18
508.05
507.77
504.15
500.95
500.3
497.77
491.19
482.87
474.91
466.14
454.14
444.37
439.67
440.01
443.23
446.83
449.24
451
452.13
452.7
452.66
451.88
450.31
448.06
445.5
443.08
441.02
439.01
435.96
430.36
420.93
407.38
390.54
372.06
353.59
336.2
320.27
305.65
291.45
275.32
259.11
243.48
228.56
214.36
200.88
188.09
175.99
164.57
153.82
143.7
134.2
125.28
116.93
109.16
101.92
95.21
88.984
83.219
77.893
72.983
70
70
70
70
70
70
70
70
70
70
70
70
70
70
70
70
70
70
70
70
70
70
70
70
70
70
70
70
70
70
70
70
70
70
70
70
70
70
70
70
70
70
70
70
70
70
70
70
70
70
70
70
70
70
70
70
70
70
70
70
70
70
70
70
70
70
70
70
70
70
70
70
70
70
70
70
70
70
70
70
70
70
70
70
70
70
70
70
70
70
70
70
70
70
70
70
70
70
70
70
70
70
70
70
70
70
70
70
70
70
70
70
70
70
70
70
70
70
70
70
70
70
70
70
70
70
70
70
70
70
70
70
70
70
70
70
70
70
70
70
70
70
70
70
70
70
70
70
70
70
70
70
70
70
70
70
70
70
70
70
70
70
70
70
70
70
70
70
70
70
70
70
70
70
70
70
70
70
70
70
70
70
70
70
70
70
70
70
70
70
70
70
70
70
70
70
70
70
70
70
70
70
70
70.821
76.816
83.417
90.653
98.477
106.76
115.5
124.46
133.53
142.7
152
161.52
171.59
182.31
193.54
206.08
219.47
233.99
247.88
260.64
272.3
283.27
293.39
302.61
311.17
319.13
326.64
333.96
348.99
367.05
385.97
409.98
433.66
454.19
473.47
491.42
506.67
522.78
536.01
544.57
550.61
553.23
553.44
554.44
555.73
557.37
559.37
562.69
572.56
586.49
600.7
612.97
621.9
628.15
632.11
635.13
637.57
638.2
636.92
635.92
636.92
641.37
651.03
663.52
678.65
693.46
706.23
715.86
722.95
728.59
732.68
736.92
742.04
748.97
759.68
779.54
799.48
821.26
847.79
884.21
930.02
982.13
1036.5
1089.1
1138.1
1180.1
1211.6
1229.6
1231.5
1215.7
1183
1137.3
1082.4
1023.5
967.35
919.07
880.96
852.5
832.46
819.12
810.97
806.16
801.88
796.57
791.21
786.21
781.14
775.59
769.44
762.05
753.11
742.47
730.17
716.3
701.05
684.64
667.24
649.45
631.23
612.06
592.73
575.31
561.06
550.05
542.09
528.27
510.16
494.83
483.41
472.6
460.1
444.49
424.72
402.82
380.69
359.81
340.98
324.41
309.87
296.83
284.87
274.07
263.62
251.91
238.65
225.31
212.34
199.87
187.94
176.57
165.76
155.51
145.83
136.73
128.21
120.25
112.83
105.92
99.482
93.514
87.993
82.906
78.236
73.96
70.306
70
70
70
70
70
70
70
70
70
70
70
70
70
70
70
70
70
70
70
70
70
70
70
70
70
70
70
70
70
70
70
70
70
70
70
70
70
70
70
70
70
70
70
70
70
70
70
70
70
70
70
70
70
70
70
70
70
70
70
70
70
70
70
70
70
70
70
70
70
70
70
70
70
70
70
70
70
70
70
70
70
70
70
70
70
70
70
70
70
70
70
70
70
70
70
70
70
70
70
70
70
70
70
70
70
70
70
70
70
70
70
70
70
70
70
70
70
70
70
70
70
70
70
70
70
70
70
70
70
70
70
70
70
70
70
70
70
70
70
70
70
70
70
70
70
70
70
70
70
70
70
70
70
70
70
70
70
70
70
70
70
70
70
70
70
70
70
70
70
70
70
70
70
70
70
70
70
70
70
70
77.082
86.767
97.939
109.96
122.18
135.16
149.15
167.15
186.84
206.92
227.38
248.26
268.83
288.89
308.67
327.5
345.19
361.85
377.07
391.08
404.3
416.96
428.94
440.05
450.83
460.99
470.54
478.59
485.94
492.83
501.08
510.35
520.44
532.49
544.88
557.33
571.55
584.12
598.88
614.93
630.3
643.45
653.22
659.55
662.35
662.2
659.12
650.01
637.03
622.26
609.27
599.37
594.46
595.57
601.35
610.12
620.77
631.77
641.56
649.53
654.97
661.34
661.66
660.2
660.21
663.43
668.29
677.59
686.54
694.18
701
705.91
708.22
707.98
705.71
703.93
700.14
693.76
684.69
674
662.1
649.26
636.07
622.97
611.14
599.06
587.27
579.48
578.38
584.05
596.81
612.89
629.55
644.11
657.56
672.92
691.45
714.1
742.89
779.8
824.73
877
931.41
984.86
1035.3
1078.5
1109.9
1125
1121.7
1101
1064.9
1017.6
964.35
910.07
859.17
815.03
779.89
754.59
738.83
731.32
729.72
731.56
735.83
740.74
745.21
748.51
752.17
757.77
763.35
766.01
764.23
759.14
752.49
746.58
742.23
739.24
732.9
720.71
705.1
687.56
669.42
651.5
634.99
621.66
614.43
614.38
614.56
567.81
502.54
459.01
436.52
425.65
419.88
415.66
411.38
406.32
400.27
393.38
386.62
378.68
368.31
356.68
344.99
333.73
322.95
312.57
302.47
292.55
280.35
266.43
252.63
239.4
226.84
215
203.85
193.39
183.6
174.47
165.96
158.07
150.75
143.99
137.74
132
126.74
121.93
117.54
113.53
109.89
106.6
103.61
101.03
98.758
96.732
94.877
93.288
91.93
90.721
89.591
88.513
87.543
86.653
85.792
84.932
84.07
83.211
82.366
81.533
80.705
79.875
79.043
78.214
77.39
76.567
75.742
74.916
74.081
73.235
72.376
71.503
70.618
70
70
70
70
70
70
70
70
70
70
70
70
70
70
70
70
70
70
70
70
70
70
70
70
70
70
70
70
70
70
70
70
70
70
70
70
70
70
70
70
70
70
70
70
70
70
70
70
70
70
70
70
70
70
70
70
70
70
70
70
70
70
70
70
70
70
70
70
70
70
70
70
70
70
70
70
70
70
70
70
70
70
70
70
70
70
70
70
70
70
70
70
70
70
70
70
70
70
70
70
70
70
70
70
70
70
70
70
70
70
70
70
70
70
70
70
70
70
70
70
70
70
70
70
70
70
70
70
70
70
70
70
70
70
70
70
70
70
70
70
70
70
70
70
70
70
70
70
70
70
70
70
70
70
70
72.476
75.623
78.808
82.421
86.506
90.907
95.728
101.02
106.87
113.24
119.88
126.59
133.27
139.78
146.18
152.71
159.2
165.45
171.31
176.8
182.01
187.53
193.03
199.47
206.77
215.85
227.29
240.67
255.5
271.57
287.67
302.95
316.79
328.4
337.27
356.3
374.86
387.45
395.72
402.73
409.45
415.06
419.42
422.43
424.2
424.83
424
421.77
418.93
416.44
414.52
413.09
410.23
413.44
426.33
446.78
473.58
503.51
542.18
572.69
590.5
598.25
601.76
603.3
604.39
605.82
608.89
611.57
613.37
613.53
612.01
609.25
605.6
601.3
595.13
587.97
583.14
583.65
587.87
593.27
599.85
607.56
616.73
618.06
619.32
632.21
657.65
697.33
748.28
807.8
871.38
935.48
997.04
1053.4
1101.2
1137
1157.9
1161.8
1147.3
1115.4
1068.8
1011.7
950.07
890.87
839.89
799.94
770.8
751.18
740.61
734.94
734.67
737.01
739.67
740.65
738.99
734.63
731.61
732.3
733.75
732.85
730.64
727.11
723.37
720.3
717.41
711.88
698.4
681.82
664.68
648.02
632.1
617.52
605.75
598.9
598.47
604.88
615.41
624.75
624.6
604.24
567.97
523.61
476.22
430.06
388.74
354.42
327.01
304.93
286.32
269.77
254.44
239.88
225.92
212.51
199.65
187.33
175.63
164.65
154.29
144.48
135.19
126.42
118.21
110.53
103.43
96.904
90.85
85.245
80.077
75.372
71.123
70
70
70
70
70
70
70
70
70
70
70
70
70
70
70
70
70
70
70
70
70
70
70
70
70
70
70
70
70
70
70
70
70
70
70
70
70
70
70
70
70
70
70
70
70
70
70
70
70
70
70
70
70
70
70
70
70
70
70
70
70
70
70
70
70
70
70
70
70
70
70
70
70
70
70
70
70
70
70
70
70
70
70
70
70
70
70
70
70
70
70
70
70
70
70
70
70
70
70
70
70
70
70
70
70
70
70
70
70
70
70
70
70
70
70
70
70
70
70
70
70
70
70
70
70
70
70
70
70
70
70
70
70
70
70
70
70
70
70
70
70
70
70
70
70
70
70
70
70
70
70
70
70
70
70
70
70
70
70
70
70
70
70
70
70
70
70
70
70
70
70
70
70
70
70
70
70
70
70
70
70
70
70
70
70
70
70
70
73.96
81.691
89.482
97.331
105.25
113.12
120.46
127.65
134.96
143.26
152.71
163.2
174.43
186.03
197.77
212.48
227.16
241.32
258.19
276.77
295.59
312.78
328.19
342.07
354.78
367.52
380.26
392.89
406.18
420.44
434.51
447.55
459.13
468.18
474.97
480.24
483.56
484.81
484.32
482.97
480.55
477.02
472.78
467.92
462.63
458.91
456.07
460.13
468.1
477.78
489.4
506.1
526.29
546.07
562.53
574.31
581.41
583.43
580.09
574.13
566.5
558.54
550.56
542.16
533.51
524.92
516.01
506.42
499.63
499.81
503.39
511.35
530.33
553.86
578.34
602.29
619.2
633.32
647.06
664.03
685.88
708.35
728.21
744.46
757.3
767.23
774.23
778.47
782.21
787.51
795.83
808.01
826.86
855.32
893.76
939.93
983.85
1025.9
1069.7
1113.3
1148.6
1172.4
1183.4
1180.2
1162.6
1131.1
1088.4
1039
987.85
940.44
899.7
867.34
843.58
827.77
818.75
814.13
812.24
812.29
809.71
801.42
792.01
782.07
770.95
758.6
747.49
739.38
719.68
697.34
677.68
663.43
648.29
634.76
624.4
616.85
611.25
607.02
603.65
601.22
600.8
604.88
617.23
635.38
649.72
659.24
658.16
640.83
605.01
555.12
499.81
447.36
402.23
365.61
336.54
313.24
293.77
276.63
260.73
245.69
231.84
219.06
207.33
196.33
185.51
175.03
164.93
155.24
145.97
137.13
128.74
120.78
113.28
106.23
99.627
93.462
87.724
82.4
77.475
72.93
70
70
70
70
70
70
70
70
70
70
70
70
70
70
70
70
70
70
70
70
70
70
70
70
70
70
70
70
70
70
70
70
70
70
70
70
70
70
70
70
70
70
70
70
70
70
70
