70
70
70
70
70
70
70
70
70
70
70
70
70
70
70
70
70
70
70
70
70
70
70
70
70
70
70
70
70
70
70
70
70
70
70
70
70
70
70
70
70
70
70
70
70
70
70
70
70
70
70
70
70
70
70
70
70
70
70
70
70
70
70
70
70
70
70
70
70
70
70
70
70
70
70
70
70
70
70
70
70
70
70
70
70
70
70
70
70
70
70
70
70
70
70
70
70
70
70
70
70
70
70
70
70
70
70
70
70
70
70
70
70
70
70
70
70
70
70
70
70
70
70
70
71.74
73.763
75.86
78.035
80.29
82.631
85.059
87.579
90.193
92.904
95.712
98.621
101.63
104.74
107.95
111.28
114.72
118.29
121.99
125.81
129.77
133.86
138.08
142.44
146.94
151.58
156.37
161.3
166.36
171.57
176.93
182.29
187.81
193.68
199.84
206.24
212.83
219.58
226.46
233.47
240.58
247.84
255.31
263.04
270.97
279.09
287.4
295.88
304.54
313.41
322.5
331.83
341.35
351.02
360.83
370.71
380.66
390.72
400.99
411.45
422.04
432.69
443.43
454.31
465.35
476.49
487.63
498.85
510.01
521.19
532.42
543.72
555.05
566.41
577.67
588.99
600.37
611.7
622.99
634.36
645.67
656.95
668.27
679.59
690.78
701.8
712.6
723.15
733.49
743.59
753.44
762.99
772.22
781.15
789.75
798.07
806.09
813.81
821.17
828.09
834.63
840.76
846.45
851.64
856.32
860.47
864.16
867.58
871.25
876.47
885.27
901.1
928.97
976.07
1020
1020
1020
1020
1020
1020
1020
1020
1020
1020
1020
982.34
888.99
823.2
779.65
750.88
730.37
713.72
698.61
683.95
669.29
654.49
639.52
624.41
609.2
593.9
578.55
563.19
547.86
532.59
517.4
502.32
487.4
472.67
458.13
443.82
429.72
415.83
402.18
388.76
375.59
362.69
350.07
337.74
325.69
313.94
302.49
291.33
280.49
269.94
259.71
249.77
240.14
230.81
221.78
213.05
204.6
196.45
188.57
180.98
173.66
166.6
159.81
153.26
146.97
140.92
135.1
129.51
124.15
119
114.06
109.32
104.77
100.42
96.242
92.241
88.409
84.739
81.226
77.864
74.647
71.57
70
70
70
70
70
70
70
70
70
70
70
70
70
70
70
70
70
70
70
70
70
70
70
70
70
70
70
70
70
70
70
70
70
70
70
70
70
70
70
70
70
70
70
70
70
70
70
70
70
70
70
70
70
70
70
70
70
70
70
70
70
70
70
70
70
70
70
70
70
70
70
70
70
70
70
70
70
70
70
70
70
70
70
70
70
70
70
70
70
70
70
70
70
70
70
70
70
70
70
70
70
70
70
70
70
70
70
70
70
70
70
70
70
70
70
70
70
70
70
70
70
70
70
70
70
70
70
70
70
70
70
70
70
70
70
70
70
70
70
70
70
70
70
70
70
70
70
70
70
70
70
70
70
70
70
70
70
70
70
70
70
70
70
70
70
70
70
70
70
70
70
70
71.214
72.803
74.449
76.156
77.925
79.759
81.66
83.632
85.677
87.798
89.997
92.277
94.639
97.088
99.625
102.25
104.98
107.8
110.72
113.74
116.87
120.1
123.45
126.91
130.49
134.18
138
141.95
146.03
150.23
154.55
159.01
163.59
168.32
173.15
178.1
183.24
188.62
194.22
200.03
206.04
212.27
218.73
225.36
232.18
239.15
246.23
253.41
260.63
267.94
275.38
282.96
290.71
298.58
306.56
314.6
322.75
330.76
338.96
347.31
355.36
363.17
371.48
380.92
391.48
402.48
413.96
425.28
436.9
448.96
461.32
473.18
484.28
494.89
505.23
515.55
525.87
536.1
546.38
556.92
567.67
578.51
589.3
600
610.54
621.02
631.34
641.72
652.31
663.02
673.7
684.3
694.76
704.99
714.98
724.68
734.1
743.18
751.86
760.05
767.67
774.72
781.15
786.93
792.06
796.7
801.24
806.24
812.5
821.45
834.97
854.15
879.81
911.82
947.25
979.95
1001
1000.1
976.58
935.69
885.69
835.5
791.93
757.93
732.5
712.99
696.96
682.66
668.99
655.36
641.52
627.49
613.35
599.05
584.58
570
555.31
540.57
525.8
511.07
496.38
481.86
467.51
453.35
439.39
425.63
412.12
398.83
385.78
372.96
360.38
348.06
335.98
324.17
312.62
301.34
290.34
279.63
269.21
259.07
249.23
239.69
230.43
221.47
212.8
204.42
196.32
188.5
180.95
173.67
166.65
159.88
153.37
147.1
141.07
135.27
129.69
124.33
119.19
114.25
109.5
104.95
100.59
96.403
92.392
88.547
84.863
81.335
77.956
74.72
71.623
70
70
70
70
70
70
70
70
70
70
70
70
70
70
70
70
70
70
70
70
70
70
70
70
70
70
70
70
70
70
70
70
70
70
70
70
70
70
70
70
70
70
70
70
70
70
70
70
70
70
70
70
70
70
70
70
70
70
70
70
70
70
70
70
70
70
70
70
70
70
70
70
70
70
70
70
70
70
70
70
70
70
70
70
70
70
70
70
70
70
70
70
70
70
70
70
70
70
70
70
70
70
70
70
70
70
70
70
70
70
70
70
70
70
70
70
70
70
70
70
70
70
70
70
70
70
70
70
70
70
70
70
70
70
70
70
70
70
70
70
70
70
70
70
70
70
70
70
70
70
70
70
70
70
70
70
70
70
70
70
70
70
70
70
70
70
70
70
70
70
70
70
70
70
70
70
70
70
70
70
70
70
70
70.644
72.766
74.959
77.226
79.57
81.994
84.5
87.089
89.766
92.53
95.385
98.334
101.38
104.53
107.78
111.13
114.58
118.14
121.81
125.59
129.49
133.5
137.63
141.87
146.26
150.79
155.47
160.27
165.18
170.2
175.35
180.68
186.18
191.87
197.73
203.72
209.68
215.81
222.21
228.88
235.72
242.67
249.7
256.78
263.94
271.2
278.55
286
293.5
301.07
308.7
316.43
324.26
332.16
340.13
348.17
356.31
364.58
373.11
381.74
390.55
399.39
407.84
416.75
426.6
437.3
448.54
460.02
471.63
483.25
494.82
505.61
515.96
526.34
536.85
547.54
558.52
569.66
580.96
592.33
603.74
615.15
626.54
637.94
649.3
660.6
671.83
682.98
694.02
704.79
715.08
724.84
734.01
742.68
750.75
758.07
764.61
770.44
775.66
780.47
785.27
790.49
796.64
804.28
813.24
822.33
829.48
832.2
828.88
819
803.17
783.74
763.26
743.57
725.54
709.37
694.81
681.2
667.84
654.39
640.71
626.78
612.6
598.23
583.73
569.11
554.41
539.66
524.91
510.2
495.58
481.06
466.69
452.49
438.49
424.7
411.16
397.88
384.85
372.07
359.54
347.28
335.31
323.63
312.24
301.14
290.3
279.74
269.44
259.42
249.73
240.37
231.34
222.63
214.22
206.07
198.17
190.5
183.07
175.88
168.92
162.19
155.71
149.44
143.41
137.6
132.01
126.62
121.45
116.47
111.69
107.1
102.69
98.456
94.394
90.499
86.762
83.178
79.742
76.448
73.291
70.265
70
70
70
70
70
70
70
70
70
70
70
70
70
70
70
70
70
70
70
70
70
70
70
70
70
70
70
70
70
70
70
70
70
70
70
70
70
70
70
70
70
70
70
70
70
70
70
70
70
70
70
70
70
70
70
70
70
70
70
70
70
70
70
70
70
70
70
70
70
70
70
70
70
70
70
70
70
70
70
70
70
70
70
70
70
70
70
70
70
70
70
70
70
70
70
70
70
70
70
70
70
70
70
70
70
70
70
70
70
70
70
70
70
70
70
70
70
70
70
70
70
70
70
70
70
70
70
70
70
70
70
70
70
70
70
70
70
70
70
70
70
70
70
70
70
70
70
70
70
70
70
70
70
70
70
70
70
70
70
70
70
70
70
70
70
70
70
70
70
70
70
70
70
70
70
70
70
70
70
70
71.508
73.794
76.086
78.401
80.76
83.188
85.699
88.365
91.108
93.758
96.339
98.956
101.73
104.7
107.88
111.27
114.89
118.73
122.78
127.02
131.44
136.12
140.96
145.95
151.14
156.51
161.95
167.25
172.5
177.81
183.32
188.76
194.43
200.43
206.9
213.76
220.87
228.2
235.67
243.17
250.78
258.57
266.53
274.61
282.76
291
299.29
307.35
315.65
324.57
333.86
343.19
352.59
362.11
371.61
381.2
390.92
400.8
410.82
420.92
431.02
441.05
451.03
460.99
470.68
479.13
486.58
494.93
505.16
516.91
529
541.29
553.61
565.83
577.95
590.28
602.22
613.59
624.97
636.22
647.68
658.88
670.32
682.4
694.01
705.35
717.03
729.23
741.67
753.03
762.93
771.32
776.33
778.73
780.06
780.83
779.85
776.48
775.53
778.66
785.49
795.59
810.06
831.74
853.82
878.01
912.45
943.7
971.3
1001.2
1020
1020
1017
970.08
908.05
843.1
785.27
740.17
708.67
688.17
673.62
661.81
651.12
640.97
630.99
620.84
609.66
597.19
583.65
570
556.99
544.88
533.47
522.31
511.22
499.84
487.16
472.58
456.6
440.02
423.83
409.27
396.48
385.05
374.55
364.62
355
345.47
335.87
326.16
316.32
306.48
296.75
287.25
278.06
269.17
260.53
252.1
243.85
235.76
227.8
219.81
211.51
203.3
195.31
187.58
180.12
172.91
165.96
159.25
152.8
146.59
140.61
134.87
129.35
124.04
118.95
114.06
109.37
104.87
100.56
96.417
92.451
88.65
85.01
81.525
78.19
74.997
71.944
70
70
70
70
70
70
70
70
70
70
70
70
70
70
70
70
70
70
70
70
70
70
70
70
70
70
70
70
70
70
70
70
70
70
70
70
70
70
70
70
70
70
70
70
70
70
70
70
70
70
70
70
70
70
70
70
70
70
70
70
70
70
70
70
70
70
70
70
70
70
70
70
70
70
70
70
70
70
70
70
70
70
70
70
70
70
70
70
70
70
70
70
70
70
70
70
70
70
70
70
70
70
70
70
70
70
70
70
70
70
70
70
70
70
70
70
70
70
70
70
70
70
70
70
70
70
70
70
70
70
70
70
70
70
70
70
70
70
70
70
70
70
70
70
70
70
70
70
70
70
70
70
70
70
70
70
70
70
70
70
71.092
72.253
73.463
74.724
76.051
77.458
78.948
80.489
82.074
83.742
85.466
87.236
89.061
90.956
92.931
94.99
97.135
99.368
101.69
104.13
106.69
109.34
112.08
114.89
117.8
120.82
123.96
127.22
130.61
134.13
137.77
141.54
145.45
149.51
153.7
157.99
162.41
167.05
171.92
177.01
182.32
187.85
193.55
199.35
205.28
211.2
217.23
223.32
229.83
236.99
244.75
252.88
260.92
268.98
277.2
285.61
294.19
302.93
311.84
320.89
330.07
338.92
348.11
357.93
368.22
378.78
389.45
400.16
410.8
421.44
432.05
442.91
451.76
459.42
463.85
468.05
474.74
484.36
496.16
508.38
521.28
534.85
548.86
563.14
573.53
582.21
591.06
600.98
610.01
620
631.88
645.18
656.83
662.2
665.46
670.9
679.81
691.03
703.47
716.12
727.73
739.09
749.22
758.69
768.48
776.81
783.66
790.6
798.14
805.62
813.51
821.76
829.84
836.54
841.49
845.5
849.01
853.2
859.59
871.61
890.87
917.49
952.26
994.17
1020
1020
1020
1020
1020
1020
997.09
934.41
876.27
827.25
790.35
764.89
747.5
734.19
722.88
712.29
701.53
690.21
678.37
665.33
651.27
636.36
621.48
606.73
592.23
578.05
564.21
550.67
537.36
524.11
510.69
497.15
483.51
469.94
456.37
442.94
429.69
416.67
403.94
391.47
378.9
366.3
353.9
341.78
329.96
318.43
307.19
296.22
285.52
275.11
264.97
255.12
245.54
236.25
227.24
218.51
210.07
201.89
193.99
186.36
178.98
171.84
164.97
158.37
152.05
145.98
140.16
134.55
129.16
123.97
118.97
114.16
109.54
105.1
100.83
96.74
92.812
89.044
85.431
81.97
78.654
75.479
72.44
70
70
70
70
70
70
70
70
70
70
70
70
70
70
70
70
70
70
70
70
70
70
70
70
70
70
70
70
70
70
70
70
70
70
70
70
70
70
70
70
70
70
70
70
70
70
70
70
70
70
70
70
70
70
70
70
70
70
70
70
70
70
70
70
70
70
70
70
70
70
70
70
70
70
70
70
70
70
70
70
70
70
70
70
70
70
70
70
70
70
70
70
70
70
70
70
70
70
70
70
70
70
70
70
70
70
70
70
70
70
70
70
70
70
70
70
70
70
70
70
70
70
70
70
70
70
70
70
70
70
70
70
70
70
70
70
70
70
70
70
70
70
70
70
70
70
70
70
70
70
70
70
70
70
70
70
70
70
70
70
70
70
70
70
70
71.154
73.18
75.284
77.466
79.723
82.058
84.484
87.01
89.627
92.315
95.076
97.934
100.92
104.07
107.36
110.76
114.26
117.88
121.63
125.5
129.51
133.65
137.94
142.34
146.87
151.51
156.33
161.35
166.59
172.06
177.72
183.57
189.57
195.74
202.06
208.56
215.24
222.09
229.12
236.32
243.69
251.06
258.63
266.39
274.44
282.85
291.5
300.33
309.38
318.69
328.18
337.86
347.73
357.76
367.96
378.29
388.75
399.33
410.01
420.78
431.64
441.63
451.34
461.54
473.02
485.31
498.37
511.85
525.74
539.09
551.71
564.15
576.47
588.65
600.8
613.01
625.28
637.52
649.64
661.5
673.11
684.44
695.29
705.2
714.64
723.33
732.72
742.48
752.74
762.26
771.89
782.15
793.08
804.58
816.21
827.65
838.68
849.12
858.73
866.95
873.81
879.96
885.51
890.47
894.83
898
900.78
903.52
906.17
908.94
912.66
918.97
929.89
948.41
978.16
1020
1020
1020
1020
1020
1020
1020
1020
1020
1019.1
942.77
881.8
837.75
807.36
785.6
768.27
752.75
736.84
718.9
700.2
682.51
665.35
649.42
634.41
619.98
605.15
589.76
574.18
559.07
544.5
529.98
515.89
502.45
489.19
475.95
462.79
448.79
434.26
420.03
406.68
394.28
382.67
371.62
360.94
350.48
340.19
330.01
319.92
309.93
299.62
289
278.53
268.31
258.36
248.7
239.33
230.24
221.44
212.92
204.67
196.7
188.99
181.55
174.37
167.44
160.76
154.33
148.13
142.16
136.42
130.9
125.59
120.49
115.59
110.88
106.37
102.04
97.883
93.899
90.081
86.422
82.917
79.561
76.347
73.271
70.327
70
70
70
70
70
70
70
70
70
70
70
70
70
70
70
70
70
70
70
70
70
70
70
70
70
70
70
70
70
70
70
70
70
70
70
70
70
70
70
70
70
70
70
70
70
70
70
70
70
70
70
70
70
70
70
70
70
70
70
70
70
70
70
70
70
70
70
70
70
70
70
70
70
70
70
70
70
70
70
70
70
70
70
70
70
70
70
70
70
70
70
70
70
70
70
70
70
70
70
70
70
70
70
70
70
70
70
70
70
70
70
70
70
70
70
70
70
70
70
70
70
70
70
70
70
70
70
70
70
70
70
70
70
70
70
70
70
70
70
70
70
70
70
70
70
70
70
70
70
70
70
70
70
70
70
70
70
70
70
70
70
70
70
70
70.496
72.507
74.579
76.722
78.951
81.265
83.675
86.143
88.666
91.27
93.939
96.712
99.634
102.74
106.03
109.52
113.19
117.05
121.06
125.11
129.25
133.51
137.92
142.47
147.13
151.95
156.93
161.86
166.96
172.39
178.11
184.06
189.97
195.94
201.95
208.07
214.59
221.4
228.3
235.47
243.13
251.2
259.77
268.77
278.06
287.04
295.9
304.31
313.11
322.37
332.29
342.46
352.53
362.13
371.75
381.93
393.02
404.75
416.17
426.04
434.16
441.86
449.96
459.03
468.59
478.82
490.1
500.81
509.53
517.63
527
538.35
551.31
565.48
580.13
595.24
610.68
625.89
640.92
655.89
670.58
684.93
698.9
712.37
725.6
738.1
749.64
760.51
771.1
781.62
791.29
800.69
810.14
819.21
828.17
836.92
845.12
852.96
860.32
867.3
873.82
879.85
885.36
889.93
893.01
894.98
896.62
898.28
899.27
900.08
901.28
903.31
906.19
910.63
917.75
928.88
944.57
963.03
981.07
993.79
995.45
983.99
960.21
928.55
894.69
862.57
835.2
813.14
795.36
780.31
766.59
753.25
739.84
726.3
712.63
698.77
684.69
670.39
655.9
641.27
626.52
611.61
596.66
581.55
566.3
551.24
536.48
521.91
507.44
493.06
478.8
464.67
450.7
436.9
423.29
409.88
396.69
383.72
371
358.52
346.3
334.36
322.68
311.29
300.18
289.36
278.83
268.59
258.64
248.98
239.6
230.51
221.69
213.16
204.9
196.91
189.19
181.72
174.45
167.32
160.34
153.28
146.39
139.89
133.74
127.89
122.3
117.08
112.18
107.57
103.24
99.152
95.291
91.625
88.129
84.783
81.574
78.49
75.524
72.67
70
70
70
70
70
70
70
70
70
70
70
70
70
70
70
70
70
70
70
70
70
70
70
70
70
70
70
70
70
70
70
70
70
70
70
70
70
70
70
70
70
70
70
70
70
70
70
70
70
70
70
70
70
70
70
70
70
70
70
70
70
70
70
70
70
70
70
70
70
70
70
70
70
70
70
70
70
70
70
70
70
70
70
70
70
70
70
70
70
70
70
70
70
70
70
70
70
70
70
70
70
70
70
70
70
70
70
70
70
70
70
70
70
70
70
70
70
70
70
70
70
70
70
70
70
70
70
70
70
70
70
70
70
70
70
70
70
70
70
70
70
70
70
70
70
70
70
70
70
70
70
70
70
70
70
70
70
70
70
70
70
70
70
70
70
70
70
71.201
73.542
75.971
78.49
81.1
83.798
86.536
89.355
92.241
95.236
98.394
101.74
105.28
108.87
112.53
116.36
120.35
124.36
128.48
132.72
137.19
141.94
146.94
152.04
157.27
162.63
168.15
173.81
179.61
185.53
191.64
197.96
204.46
211.14
218.01
225.06
232.29
239.71
247.31
255.07
262.99
271.08
279.34
287.81
296.51
305.42
314.51
323.78
333.23
342.84
352.62
362.55
372.64
382.89
393.3
403.87
414.58
425.45
436.43
447.54
458.74
470.04
481.43
492.9
504.44
516.05
527.73
539.46
551.02
562.34
573.66
585.33
597.14
609.04
620.96
632.88
644.52
656.02
667.07
678.08
689.31
700.69
712.08
723.33
734.32
745.03
755.41
765.42
775.15
784.86
794.62
804.05
813.09
821.79
830.14
838.14
845.62
852.54
858.95
864.9
865.99
862.03
858.23
851.38
847.23
847.85
849.43
852.34
857.55
867.39
885.28
915.63
963.74
1020
1020
1020
1020
1020
1020
1020
1020
1020
1020
1020
934.67
859.17
809.06
777.12
755.47
738.65
723.65
709.09
694.46
679.64
664.6
649.36
633.96
618.45
602.89
587.31
571.74
556.22
540.78
525.46
510.26
495.21
480.32
465.63
451.14
436.88
422.85
409.07
395.53
382.26
369.24
356.5
344.04
331.87
320
308.41
297.1
286.1
275.46
265.23
255.34
245.77
236.46
227.43
218.68
210.22
202.04
194.13
186.48
179.09
171.96
165.1
158.48
152.1
145.96
140.04
134.34
128.86
123.59
118.53
113.66
108.99
104.51
100.2
96.079
92.124
88.334
84.704
81.228
77.901
74.717
71.671
70
70
70
70
70
70
70
70
70
70
70
70
70
70
70
70
70
70
70
70
70
70
70
70
70
70
70
70
70
70
70
70
70
70
70
70
70
70
70
70
70
70
70
70
70
70
70
70
70
70
70
70
70
70
70
70
70
70
70
70
70
70
70
70
70
70
70
70
70
70
70
70
70
70
70
70
70
70
70
70
70
70
70
70
70
70
70
70
70
70
70
70
70
70
70
70
70
70
70
70
70
70
70
70
70
70
70
70
70
70
70
70
70
70
70
70
70
70
70
70
70
70
70
70
70
70
70
70
70
70
70
70
70
70
70
70
70
70
70
70
70
70
70
70
70
70
70
70
70
70
70
70
70
70
70
70
70
70
70
70.065
71.102
72.202
73.371
74.608
75.909
77.273
78.699
80.204
81.78
83.439
85.19
87.014
88.877
90.787
92.755
94.79
96.9
99.097
101.39
103.8
106.31
108.94
111.67
114.5
117.42
120.45
123.61
126.88
130.29
133.81
137.47
141.26
145.19
149.26
153.5
157.9
162.46
167.19
172.06
177.03
182.24
187.75
193.45
199
204.45
210
216.17
222.99
230.38
238.3
246.67
255.3
263.62
271.68
279.73
287.69
295.98
304.51
312.98
321.02
327.88
335.33
344.23
354.55
365.91
377.95
390.37
403.03
415.65
427.56
438.9
450.26
461.66
473.53
485.66
498.12
510.4
522.25
533.99
545.7
557.37
568.98
580.55
592.11
603.67
615.15
626.62
637.58
647.98
657.64
667.82
679.09
691.11
703.55
715.99
728.31
740.53
752.32
762.9
772.75
782.11
791.03
799.6
807.73
815.48
822.85
829.93
836.74
843.4
849.66
855.44
860.67
865.35
869.48
873.28
877.22
882.4
891.02
906.82
935.46
984.53
1020
1020
1020
1020
1020
1020
1020
1020
1020
1020
1020
1020
913.24
835.67
787.18
756.89
736.3
720.04
705.4
691.22
677.08
662.81
648.34
633.69
618.94
604.03
589.06
574.12
559.23
544.23
529.21
514.25
499.38
484.65
470.07
455.66
441.43
427.39
413.56
399.95
386.57
373.45
360.6
348.05
335.81
323.88
312.24
300.91
289.88
279.14
268.71
258.57
248.74
239.19
229.95
220.99
212.32
203.94
195.85
188.04
180.5
173.23
166.22
159.48
152.98
146.73
140.72
134.94
129.39
124.06
118.93
114.02
109.3
104.78
100.44
96.281
92.296
88.479
84.824
81.325
77.975
74.771
71.706
70
70
70
70
70
70
70
70
70
70
70
70
70
70
70
70
70
70
70
70
70
70
70
70
70
70
70
70
70
70
70
70
70
70
70
70
70
70
70
70
70
70
70
70
70
70
70
70
70
70
70
70
70
70
70
70
70
70
70
70
70
70
70
70
70
70
70
70
70
70
70
70
70
70
70
70
70
70
70
70
70
70
70
70
70
70
70
70
70
70
70
70
70
70
70
70
70
70
70
70
70
70
70
70
70
70
70
70
70
70
70
70
70
70
70
70
70
70
70
70
70
70
70
70
70
70
70
70
70
70
70
70
70
70
70
70
70
70
70
70
70
70
70
70
70
70
70
70
70
70
70
70
70
70
70
70
70
70
70
70
70
70
70
70
70
70.153
71.411
72.72
74.08
75.495
76.964
78.492
80.084
81.743
83.547
85.446
87.394
89.388
91.437
93.55
95.736
98.004
100.38
103.1
105.98
108.84
111.69
114.56
117.52
120.62
123.91
127.34
130.91
134.63
138.48
142.44
146.52
150.72
155.06
159.53
164.06
168.72
173.53
178.53
183.75
189.2
194.93
200.91
207.27
213.84
220.59
227.45
234.43
241.55
248.77
256
263.45
271.02
278.7
286.7
295.06
303.57
312.16
320.96
330.01
339.23
348.59
358.14
367.86
377.72
387.63
397.52
407.39
417.25
427.12
437
446.91
456.82
466.75
476.75
486.83
496.79
506.79
516.62
526.98
537.8
548.8
559.95
571.09
582.1
592.93
603.58
614.12
624.61
635.02
645.37
655.74
666.07
676.31
686.33
696.16
705.86
715.46
724.97
734.38
743.59
752.57
761.31
769.75
777.81
785.39
792.55
799.32
805.66
811.47
816.75
821.82
827.12
833.76
843.7
859.65
885.04
922.33
972.72
1020
1020
1020
1020
1020
1020
1020
1020
953.21
875.43
814.76
771.47
741.68
720.57
704.05
689.52
675.83
662.36
648.31
633.61
618.11
601.86
585.92
570.96
556.76
543
529.45
515.13
499.74
484.25
469.63
456.12
443.52
431.25
419.22
407.36
395.66
384.13
372.73
361.44
350.25
339.18
328.23
317.23
305.99
294.88
284.02
273.45
263.17
253.18
243.5
234.11
225.02
216.21
207.7
199.47
191.52
183.85
176.45
169.32
162.44
155.82
149.45
143.32
137.43
131.77
126.34
121.12
116.11
111.3
106.7
102.3
98.058
93.93
89.928
86.129
82.559
79.221
76.081
73.108
70.277
70
70
70
70
70
70
70
70
70
70
70
70
70
70
70
70
70
70
70
70
70
70
70
70
70
70
70
70
70
70
70
70
70
70
70
70
70
70
70
70
70
70
70
70
70
70
70
70
70
70
70
70
70
70
70
70
70
70
70
70
70
70
70
70
70
70
70
70
70
70
70
70
70
70
70
70
70
70
70
70
70
70
70
70
70
70
70
70
70
70
70
70
70
70
70
70
70
70
70
70
70
70
70
70
70
70
70
70
70
70
70
70
70
70
70
70
70
70
70
70
70
70
70
70
70
70
70
70
70
70
70
70
70
70
70
70
70
70
70
70
70
70
70
70
70
70
70
70
70
70
70
70
70
70
70
70
70
70
70
70
70
70
70
70.301
71.61
72.936
74.286
75.677
77.123
78.656
82.261
86.231
89.356
91.802
93.901
95.771
97.504
99.274
101.16
103.14
105.2
107.41
109.84
112.44
115.51
118.78
122.02
125.25
128.58
132.1
135.83
139.75
143.88
148.15
152.5
156.92
161.43
166.09
170.91
175.81
180.91
186.28
191.94
197.96
204.33
210.87
217.39
224.02
230.81
237.71
244.7
251.92
259.42
267.15
275.12
283.19
291.34
299.65
308.17
317.03
326.16
335.39
344.72
354.26
364.02
373.94
383.98
394.02
404.11
414.25
424.46
434.75
445.1
455.49
465.9
476.34
486.77
497.19
507.59
517.93
528.21
538.47
548.69
559.01
569.5
580.1
590.37
600.76
611.53
622.59
633.6
644.61
655.65
666.51
677.26
687.91
698.42
708.48
718.45
728.47
738.79
749.22
759.46
769.29
778.66
787.56
795.95
803.84
811.21
818.03
824.26
829.89
834.9
839.29
843.13
846.6
850.12
854.61
861.72
874.28
896.33
932.95
988.26
1020
1020
1020
1020
1020
1020
1020
1020
1020
992.86
900.07
830.01
780.89
748.11
725.56
708.46
693.7
679.73
665.92
652.11
638.14
623.93
609.59
595.15
580.62
565.96
551.28
536.64
522.01
507.61
493.63
480.13
466.96
453.95
441.02
428.19
415.25
402.34
389.52
376.85
364.34
352.01
339.88
327.99
316.33
304.94
293.82
282.98
272.42
262.16
252.19
242.52
233.14
224.06
215.27
206.77
198.56
190.62
182.97
175.59
168.47
161.62
155.02
148.67
142.56
136.69
131.05
125.64
120.44
115.44
110.65
106.06
101.66
97.442
93.401
89.53
85.824
82.275
78.878
75.628
72.519
70
70
70
70
70
70
70
70
70
70
70
70
70
70
70
70
70
70
70
70
70
70
70
70
70
70
70
70
70
70
70
70
70
70
70
70
70
70
70
70
70
70
70
70
70
70
70
70
70
70
70
70
70
70
70
70
70
70
70
70
70
70
70
70
70
70
70
70
70
70
70
70
70
70
70
70
70
70
70
70
70
70
70
70
70
70
70
70
70
70
70
70
70
70
70
70
70
70
70
70
70
70
70
70
70
70
70
70
70
70
70
70
70
70
70
70
70
70
70
70
70
70
70
70
70
70
70
70
70
70
70
70
70
70
70
70
70
70
70
70
70
70
70
70
70
70
70
70
70
70
70
70
70
70
70
70
70
70
70
70
70
70
70
70
70
70
70
70
70
70.732
72.225
73.798
75.435
77.106
79.085
81.231
83.846
86.834
89.671
92.201
94.539
96.851
99.227
101.69
104.26
106.94
109.76
112.75
115.91
119.15
122.46
125.87
129.49
133.31
137.27
141.38
145.6
149.94
154.42
159.06
163.84
168.78
173.91
179.22
184.69
190.33
196.1
202.03
208.12
214.38
220.82
227.45
234.28
241.33
248.59
256.02
263.55
271.2
279.21
287.63
296.28
305.05
313.91
322.82
331.84
340.96
350.13
359.42
369.11
379.11
389.5
399.74
410.11
420.9
432.42
444.45
456.18
467.69
479.1
490.32
501.46
512.53
523.58
534.76
545.95
557.21
568.54
579.96
591.42
603.02
614.8
626.28
637.83
649.36
660.94
672.44
683.83
694.81
705.58
715.88
726.26
736.8
747.16
757.37
767.44
777.51
787.51
797.29
806.59
815.29
823.06
830.15
836.59
842.39
847.59
852.03
855.27
857.93
861.74
868.92
882.78
908.07
950.94
1018.1
1020
1020
1020
1020
1020
1020
1020
1020
1020
1020
1013
904.31
830.2
782.7
752.46
731.75
715.49
700.88
686.69
672.4
657.9
643.23
628.43
613.54
598.55
583.52
568.43
553.32
538.2
523.12
508.12
493.21
478.43
463.83
449.45
435.26
421.27
407.55
394.14
381.01
368.17
355.54
343.22
331.39
320.21
309.55
299.22
288.93
278.71
268.69
258.9
249.36
240.06
231.02
222.25
213.74
205.49
197.55
189.86
182.4
175.17
168.17
161.43
154.92
148.65
142.61
136.79
131.2
125.82
120.66
115.69
110.93
106.36
101.98
97.778
93.749
89.888
86.189
82.648
79.259
76.025
72.929
70
70
70
70
70
70
70
70
70
70
70
70
70
70
70
70
70
70
70
70
70
70
70
70
70
70
70
70
70
70
70
70
70
70
70
70
70
70
70
70
70
70
70
70
70
70
70
70
70
70
70
70
70
70
70
70
70
70
70
70
70
70
70
70
70
70
70
70
70
70
70
70
70
70
70
70
70
70
70
70
70
70
70
70
70
70
70
70
70
70
70
70
70
70
70
70
70
70
70
70
70
70
70
70
70
70
70
70
70
70
70
70
70
70
70
70
70
70
70
70
70
70
70
70
70
70
70
70
70
70
70
70
70
70
70
70
70
70
70
70
70
70
70
70
70
70
70
70
70
70
70
70
70
70
70
70
70
70
70
70
70
71.072
72.605
74.476
76.488
78.284
79.978
81.595
83.26
84.905
86.593
88.276
89.926
91.671
93.483
95.594
98.011
100.42
102.64
104.88
107.16
109.67
112.08
114.14
116
117.87
119.55
121.2
122.98
125.12
127.7
130.74
134.21
138.02
142.14
146.55
151.19
156.13
161.41
167.08
173.12
179.54
186.29
193.2
200.08
206.88
213.83
221.08
228.74
236.79
244.92
253.19
261.65
270.12
278.35
286.17
294.22
303.08
312.87
323.44
334.58
346.13
357.8
369.48
381.06
391.89
400.12
406.53
413.49
422.01
431.89
442.54
452.76
462.99
473.92
485.96
499.09
513.06
527.55
542.28
556.49
570.08
583.31
596.65
609.72
622.61
635.08
646.87
657.77
668.58
679.87
691.64
703.82
716.44
729.31
742.17
754.22
765.01
775.25
785.13
794.68
803.88
812.65
821
827.75
833.5
838.79
844.62
851.32
858.67
866.17
872.84
878.09
882.47
886.07
889.31
892.51
896.71
903.58
916.04
938.68
975.67
1020
1020
1020
1020
1020
1020
1020
1020
1020
1020
1020
1020
928.9
858.22
811.23
780.75
759.61
742.88
727.83
713.24
698.61
683.83
668.9
653.91
638.94
623.94
608.93
593.9
578.91
563.99
549.15
534.4
519.72
505.1
490.57
476.12
461.78
447.62
433.65
419.91
406.39
393.2
380.33
367.75
353.99
339.05
324.73
312.08
300.98
290.93
281.52
272.54
263.84
255.37
247.08
238.89
230.68
222.45
214.38
206.56
198.75
191.11
183.68
176.47
169.5
162.77
156.27
150
143.95
138.14
132.54
127.16
121.98
117.01
112.23
107.65
103.25
99.031
94.985
91.107
87.392
83.834
80.426
77.164
74.042
71.054
70
70
70
70
70
70
70
70
70
70
70
70
70
70
70
70
70
70
70
70
70
70
70
70
70
70
70
70
70
70
70
70
70
70
70
70
70
70
70
70
70
70
70
70
70
70
70
70
70
70
70
70
70
70
70
70
70
70
70
70
70
70
70
70
70
70
70
70
70
70
70
70
70
70
70
70
70
70
70
70
70
70
70
70
70
70
70
70
70
70
70
70
70
70
70
70
70
70
70
70
70
70
70
70
70
70
70
70
70
70
70
70
70
70
70
70
70
70
70
70
70
70
70
70
70
70
70
70
70
70
70
70
70
70
70
70
70
70
70
70
70
70
70
70
70
70
70
70
70
70
70
70
70
70
70
70
70
70
70
70
70
70
70.966
72.631
74.311
76.152
78.096
80.069
82.038
84.04
86.061
88.131
90.28
92.55
95.01
97.603
100.31
103.13
106.07
109.13
112.3
115.59
119.01
122.56
126.23
130.02
133.93
137.99
142.19
146.53
150.92
155.42
160.17
165.14
170.35
175.73
181.31
187.06
193
199.05
205.26
211.63
218.16
224.91
231.89
239.06
246.43
253.97
261.38
269.02
276.88
284.97
293.37
301.77
310.14
318.79
327.8
337.4
347.67
358.53
369.55
380.13
390.5
400.54
410.73
421.32
432.69
444.53
456.2
467.75
479.05
490.2
501.41
512.8
524.34
535.82
547.31
558.83
570.45
581.96
592.52
603.62
615.15
627.39
640.43
653.67
663.17
670.98
679.14
688.57
699.09
710.8
722.56
734.25
746
757.91
769.95
781.97
793.77
805.13
815.63
824.91
833.04
840.67
847.94
854.7
860.92
866.72
871.97
876.58
875.77
870.25
865.6
859.84
855.18
855.2
862.58
879.3
908.83
955.83
1020
1020
1020
1020
1020
1020
1020
1020
1020
1020
1020
923.68
852.59
805.62
775.44
754.82
738.52
723.95
709.81
695.63
681.27
666.73
651.95
637.09
622.34
607.63
592.85
578.08
563.33
548.56
533.73
518.92
504.17
489.5
474.96
460.6
446.47
432.56
418.87
405.39
392.13
379.07
366.25
353.69
341.43
329.55
317.89
306.51
295.46
284.75
274.36
264.25
254.42
244.86
235.57
226.57
217.83
209.38
201.19
193.27
185.62
178.23
171.1
164.23
157.62
151.25
145.12
139.22
133.54
128.08
122.84
117.81
113
108.39
103.98
99.753
95.704
91.824
88.105
84.538
81.116
77.837
74.696
71.687
70
70
70
70
70
70
70
70
70
70
70
70
70
70
70
70
70
70
70
70
70
70
70
70
70
70
70
70
70
70
70
70
70
70
70
70
70
70
70
70
70
70
70
70
70
70
70
70
70
70
70
70
70
70
70
70
70
70
70
70
70
70
70
70
70
70
70
70
70
70
70
70
70
70
70
70
70
70
70
70
70
70
70
70
70
70
70
70
70
70
70
70
70
70
70
70
70
70
70
70
70
70
70
70
70
70
70
70
70
70
70
70
70
70
70
70
70
70
70
70
70
70
70
70
70
70
70
70
70
70
70
70
70
70
70
70
70
70
70
70
70
70
70
70
70
70
70
70
70
70
70
70
70
70
70
70
70
70
70
70
70.957
72.313
73.706
75.115
76.577
78.091
79.685
81.321
83.017
84.76
86.611
88.538
90.645
92.962
95.243
97.458
99.609
101.78
104.07
106.54
109.22
112.12
115.24
118.57
122.13
125.88
129.81
133.66
137.51
141.5
145.74
150.32
155.19
160.35
165.75
171.15
176.64
182.23
187.97
193.91
200.14
206.66
213.4
220.31
227.39
234.61
241.96
249.46
257.18
265.15
273.37
281.71
290.18
298.92
307.92
317.18
326.6
336.12
345.82
355.73
365.79
375.92
386.18
396.6
407.14
417.74
428.44
439.27
450.24
460.49
470.76
481.39
492.8
504.57
516.55
528.87
541.44
554.4
567.81
581.12
593.67
605.91
617.95
629.84
641.6
653.24
664.75
676.13
687.38
698.31
707.52
715.52
722.58
729.6
738.23
748.73
760.1
770.43
779.87
788.03
795.96
804.74
814.5
824.47
834.52
844.38
853.95
862.75
869.43
874.83
879.9
884.79
889.4
893.24
896.91
901.29
907.58
915.66
927.19
945.17
973.45
1015
1020
1020
1020
1020
1020
1020
1020
1020
1009
936.71
877.05
832.68
801.48
779.46
762.69
748.2
734.42
720.64
706.51
691.96
677.18
662.22
647.09
631.82
616.54
601.35
585.79
570.15
554.7
539.65
524.67
509.93
495.56
481.55
467.87
454.41
440.8
427.24
413.81
400.56
387.5
374.66
362.05
349.69
337.58
325.73
314.15
302.83
291.8
281.08
270.69
260.61
250.82
241.33
232.13
223.2
214.51
206.06
197.97
190.26
182.83
175.66
168.75
162.06
155.62
149.4
143.4
137.62
132.05
126.7
121.55
116.59
111.84
107.27
102.89
98.685
94.654
90.789
87.085
83.538
80.141
76.889
73.776
70.799
70
70
70
70
70
70
70
70
70
70
70
70
70
70
70
70
70
70
70
70
70
70
70
70
70
70
70
70
70
70
70
70
70
70
70
70
70
70
70
70
70
