96.579
97.079
97.778
99.178
102.48
105.78
107.38
107.98
107.28
105.98
104.98
105.68
106.38
107.38
108.88
109.78
109.48
108.38
106.98
105.78
104.48
103.58
102.67
101.78
101.08
100.38
99.374
98.674
97.974
97.274
96.674
95.873
95.073
94.373
93.573
92.573
92.172
90.472
89.472
88.872
88.072
87.371
86.871
86.371
85.971
85.371
84.971
84.67
84.27
84.17
84.07
83.87
83.57
83.269
82.869
82.569
82.169
81.869
81.569
81.369
81.269
81.369
81.569
81.569
81.569
81.569
81.569
81.369
81.469
81.969
82.369
82.469
82.469
82.169
82.169
81.969
82.27
82.67
83.17
84.07
84.47
85.07
85.771
86.571
87.271
87.971
89.272
90.572
91.372
92.073
92.673
93.373
94.874
103.57
114.67
124.38
132.18
136.38
135.48
129.88
121.98
114.98
110.48
108.48
108.28
109.58
110.18
111.18
111.88
112.08
111.19
109.49
107.59
105.29
102.99
100.8
98.602
96.506
94.51
92.615
91.019
90.023
91.125
93.927
97.028
98.628
98.728
97.226
95.125
92.523
89.821
87.12
84.818
82.918
84.517
90.517
94.817
96.318
96.919
98.12
98.421
94.923
89.324
84.626
82.728
82.729
84.031
86.033
88.535
90.837
93.24
96.542
103.34
122.55
174.45
211.46
232.97
241.28
226.6
197.82
168.14
148.87
151.6
171.54
188.49
197.45
199.62
202.09
206.57
217.05
226.84
233.53
259.82
289.51
320.99
341.56
343.12
332.57
325.71
317.75
311.58
303.31
300.73
298.44
282.65
276.35
279.64
290.02
298.61
300.39
297.37
296.06
297.05
304.25
316.36
333.68
358.22
402.08
434.88
454.3
447.96
437.14
430.74
428.05
437.39
452.06
467.57
477.03
481.73
485.38
484.87
477.01
463.68
440.98
424.98
407
388.22
370.85
361.87
356.6
352.36
352.05
347.28
344.56
354.3
375.65
397.67
415.18
438.1
449.65
433.92
445.1
552.85
729.49
800.68
785.92
726.7
659.88
601.78
552.25
512.76
490.43
516.86
528.65
534.06
556.99
587.02
600.53
588.56
554.77
500.13
455.98
420.95
385.49
362.26
357.5
361.92
368.99
372.85
373.62
370.13
363.76
351.76
333.82
321.61
310.23
297
282.3
269.35
281.05
294.46
296.38
285.89
269.07
252.69
236.44
205.62
187.59
177.61
169.69
162.21
154.04
145.71
137.81
130.41
123.63
117.03
110.95
105.05
99.71
94.824
90.992
88.109
85.979
84.498
83.24
82.091
80.771
79.059
77.378
75.668
74.621
74.442
74.484
74.595
74.462
74.443
74.027
73.676
72.977
72.138
70.764
69.144
67.539
65.974
64.858
63.754
62.788
61.934
60.979
60.398
60.239
58.783
58.066
57.558
56.853
56.35
55.812
55.361
54.845
54.239
54
53.449
52.935
52.694
52.443
52.529
52.524
52.623
52.422
52.321
52.055
51.701
51.375
51.027
50.575
50.62
51.138
59.256
61.158
61.758
61.443
60.299
59.104
58.348
57.731
56.987
56.207
55.193
54.478
53.841
53.395
53.52
54.339
55.327
56.512
57.421
57.967
58.319
57.94
57.175
56.289
55.297
53.903
52.744
51.532
50.432
49.6
48.8
48
47.335
46.773
46.26
45.822
45.675
45.464
45.562
45.362
45.764
45.729
45.562
45.475
45.492
45.164
45.05
44.676
44.15
43.471
42.8
42.4
42
41.677
41.314
40.997
40.891
40.788
40.619
40.661
40.403
40.383
40.273
40.065
39.855
39.546
39.273
39.014
38.82
38.583
38.235
37.923
38.423
37.628
38.135
38.444
39.089
39.437
39.84
40.123
40.109
39.704
39.136
38.515
38.041
37.6
37.2
36.9
36.818
36.614
36.458
36.41
36.703
37.609
38.654
40.509
41.892
42.757
42.776
42.547
41.859
41.326
40.585
40.076
39.924
40.461
41.465
42.427
43.263
43.856
44.391
44.596
44.559
44.243
43.813
43.245
42.506
45.249
54.196
63.092
65.917
65.025
61.854
62.194
63.122
59.938
58.187
60.015
64.71
71.846
81.186
91.62
101.8
107.25
107.81
108.49
107.83
106.13
103.77
100.75
96.978
92.242
87.181
81.972
76.959
72.247
68.932
64.919
61.832
59.152
56.873
55.36
53.57
52.193
50.706
49.117
47.688
46.307
44.912
43.578
42.162
40.922
39.88
39.034
38.326
37.761
37.41
37.159
37.448
40.049
43.824
44.698
45.785
46.904
48.388
49.919
55.609
73.852
104.96
136.92
157.66
181.8
186.46
191.72
221.78
263.86
293.44
303.94
302.13
290.43
276.92
277.4
272.18
264.26
258.64
258.62
261.89
261.55
258.41
276.26
348.52
367.23
394.68
491.07
579.33
631.98
657.78
661.31
672.28
664.82
620.55
641.02
682.53
700.44
692.65
693.14
658.44
594.67
547.8
514.23
507.37
531.63
582.87
622.45
639.01
638.24
616.35
594.31
583.9
576.48
565.85
616.64
615.4
612.24
620.8
630
633.6
637
642.6
647.3
647.5
637.26
571.92
536.78
513.59
488.21
467.71
441.79
445.63
507.18
585.6
646.26
727.32
847.62
865.4
843.5
847.1
856.8
864.8
857.78
803.37
732.33
663.63
647.24
626.03
590.1
553.5
559.5
606.1
648.2
678.6
696.6
694.1
683.9
684.85
644.86
611.48
582.8
552.9
512.1
465.12
415.63
392.64
355.34
373.67
395.7
400.65
396.8
393.71
405.37
400.06
384.12
363.45
340.53
316.51
292.71
269.45
246.56
224.67
204.32
186.96
171.64
158.15
146.57
136.62
128.22
120.62
115.63
109.58
104.64
100.56
97.963
95.901
93.987
92.05
89.598
87.369
85.046
82.826
80.879
78.966
77.227
75.813
74.583
73.845
72.972
72.041
71.394
70.646
70.366
70.648
70.57
69.976
69.313
68.925
68.788
68.741
68.516
68.234
67.871
67.417
66.626
65.761
64.707
63.852
62.935
62.129
61.46
61.441
61.469
61.749
61.742
61.503
61.154
60.84
61.036
62.935
63.769
64.586
64.692
64.017
63.249
62.645
62.031
61.45
60.852
60.086
59.366
58.659
57.69
57.034
56.3
55.7
55
54.279
53.798
53.176
52.534
52.184
51.573
51.236
50.889
50.179
50.078
50.116
50.368
50.785
51.194
51.601
51.707
51.713
51.619
51.325
50.83
50.435
49.94
49.644
49.448
49.422
51.533
52.557
53.342
53.932
54.76
55.524
56.203
56.394
56.41
55.907
55.635
54.446
54.387
54.146
53.812
54.048
54.38
54.262
54.286
53.945
53.948
53.9
53.635
53.005
52.253
51.335
50.325
49.315
48.241
47.4
46.7
45.9
45.217
44.305
43.634
43.013
42.507
41.942
41.592
41.446
41.04
40.946
40.654
40.464
40.374
40.085
39.796
39.708
39.421
39.199
39.064
38.862
38.703
38.858
38.678
38.588
38.596
38.639
38.495
38.552
38.713
38.95
39.141
39.387
39.311
39.1
39
38.7
38.534
38.318
37.988
38.393
37.808
38.027
38.382
38.784
39.133
40.33
41.789
43.309
45.139
46.661
47.777
50.257
52.984
54.904
57.181
59.921
61.753
64.62
69.172
73.82
101.11
118.67
122.19
118.24
109.45
99.635
90.287
82.854
77.65
75.582
82.523
92.93
102.44
111.37
121.08
132.84
140.4
141.53
136.41
127.52
117.19
107.21
97.6
88.717
81.206
75.25
70.298
66.212
63.142
60.706
58.83
57.462
56.1
55.071
54.202
53.122
53.282
53.663
55.697
59.689
63.719
64.48
63.958
63.914
64.37
65.688
69.085
74.595
80.872
89.353
101.09
116.52
122.7
121.77
122.93
126.86
140.71
158.01
172.24
207.39
236.71
247.75
255.18
269.42
266.5
262.08
258.57
261.36
262.95
260.24
254.93
267.31
274.13
259.29
252.55
249.12
246.35
248.57
252.24
250.35
243.92
240.01
258.25
302.99
367.74
416.73
547.29
677.64
759.03
784.89
772.26
738.49
692.44
659
627.75
590.71
559.17
540.59
535.53
549.39
562.46
611.6
623.4
612.74
581.55
566
551.25
532.95
518.21
534.12
535.7
536.9
551.94
586.96
638.7
662.87
648.88
635.64
621.08
668.27
698.59
694.3
679.75
692.41
721.69
764.7
845.3
894.7
907.01
964.63
983.54
942.33
884.08
843.41
826.42
825.37
809.41
810.24
806.3
774.4
713.33
633.82
599.63
570.55
532.11
505.62
482.94
466.76
447.76
434.96
433.19
425.04
401.72
364.17
329.89
307.05
292.22
286.9
294.24
295.35
316.9
329.47
348.39
353.37
348.78
357.66
380.7
386.36
374.97
348.63
323.29
302.9
296.59
297.37
355.22
417.55
459.01
471.01
452.53
419.52
382.1
345.71
312.48
282.57
255.64
231.18
209.06
189.37
171.74
156.44
143.2
131.64
121.6
113
105.81
99.918
94.995
90.588
86.92
83.565
80.84
78.158
76.163
74.464
72.964
71.865
70.865
70.065
69.4
68.746
67.891
67.275
66.868
66.564
66.125
67.208
67.175
67.2
90.692
121.53
130.34
122.42
110.02
98.689
89.678
82.845
77.913
74.001
71.479
69.793
68.481
67.558
66.899
66.453
66.014
65.336
64.613
63.839
63.282
62.625
62.072
61.582
61.082
60.644
60.292
60.812
61.125
61.201
64.636
67.716
70.366
72.734
73.656
72.43
69.364
65.24
61.666
59.039
57.708
57.35
57.586
58.283
59.033
59.498
59.629
59.45
59.033
58.232
57.835
56.073
55.224
54.574
53.863
53.161
52.461
51.962
51.664
50.931
50.4
49.9
50.411
51.152
51.908
52.262
52.011
51.791
51.444
51.015
50.561
50.039
49.594
49.046
48.394
47.913
47.354
47
46.7
46.3
46.096
45.976
45.667
45.494
45.07
44.856
44.646
44.337
43.93
43.624
43.184
42.835
42.623
42.287
42.044
41.94
41.645
41.519
41.28
41.178
41.086
40.996
40.908
41.921
43.234
44.982
46.341
48.098
50.719
57.964
168.14
313.37
442.77
411.03
253.16
222.93
345.49
445.41
472.58
435.87
411.45
438.34
453.96
448.32
423.19
387.87
349.84
313
279.03
249.25
222.56
200.45
181.92
166.38
153.63
142.88
133.82
125.96
123.29
120.93
144.17
178.54
181.28
167.72
148.26
134.68
127.19
121.51
117.92
117.33
121.16
124.8
125.46
124.83
132.01
147.22
159.07
165.56
198.68
316.6
470.51
451.07
417.99
351.12
289.35
329.95
380.56
442.75
500.5
519.04
520.48
479.13
425.41
378.29
339.74
314.88
295.65
328.88
410.01
392
329.23
288.68
285.26
319.9
337.7
344.1
343.9
349.5
343.7
332.9
323.9
402.5
426.5
449.4
474.7
475.1
484.2
445.7
399
366
359.9
358.5
352.7
320.3
323.4
446.6
596
672.5
677.86
639.27
609.78
577.62
543.67
498.01
458.21
427.39
417.24
419.42
439.98
509.6
535.19
527
524.45
517.63
504.43
483.95
483.26
499.33
516.68
522.14
507.19
475.42
448.92
440.95
467.23
653.84
650.6
662.5
733.1
798.6
809.1
788.9
832.9
836.5
810.4
797.9
879.5
940.5
1035.2
1122.5
1225.2
1363.9
1440
1452.3
1390.2
1303.7
1219.1
1130.5
1077.5
1071.8
1057.6
1081.7
1173.9
1283.1
1340.9
1427.5
1532.5
1515.4
1494.1
1426.9
1297.2
1173.7
1053.6
956
945.7
1032.3
1204.1
1283
1288.4
1232
1146.2
1043.5
932.5
817.6
709.9
628.5
578.7
557.2
556.9
562
553.1
554.8
581.5
620.9
670
729.8
827.6
894.5
928
921
867.5
804.2
738
701.6
649.9
617.5
608.7
617.6
607.7
580.4
550.2
578.9
630.5
644
619.7
580.5
534.7
493
474
445.8
413.1
388.7
374.8
367.5
366.7
368.8
369
364.1
353.6
338.7
321.9
288.97
219.57
187.81
169.8
156.68
145.83
136.7
129.12
122.8
120.63
117.31
116.49
116.83
116.62
114.43
110.24
105.31
100.25
95.648
91.909
88.8
86.534
84.788
83.551
82.376
81.555
81.019
82.052
83.778
84.83
83.944
81.635
79.419
78.168
77.469
77.593
77.732
77.679
77.189
76.526
75.444
74.585
73.565
72.598
71.641
70.891
70.739
69.389
68.836
68.385
67.632
66.979
66.224
65.57
64.78
64.314
63.695
63.588
63.183
62.779
62.376
61.972
61.57
61.032
60.683
60.135
59.885
59.538
59.089
58.843
58.494
58.084
57.885
57.754
57.511
57.269
57.024
56.681
56.336
56.329
56.031
56.435
55.839
55.843
55.947
55.886
55.636
55.451
55.221
54.74
54.381
54.032
53.746
53.452
53.19
52.977
52.74
52.294
52.085
51.985
51.788
51.692
51.732
52.119
52.082
51.835
51.487
51.2
51.001
50.564
50.212
49.959
49.602
49.447
49.389
49.368
49.456
49.545
49.437
49.43
49.659
49.974
50.386
50.865
51.162
51.93
52.954
53.732
54.123
54.054
54.299
52.709
51.746
51.065
50.28
49.63
48.961
48.251
47.89
47.58
47.618
47.807
49.046
51.306
59.382
67.644
70.88
97.541
140.02
161.79
162.79
164.65
158.61
146.51
133
110.24
104.6
107.26
109.58
112.17
114.87
115.64
115.05
110.49
104.69
99.307
94.837
91.3
88.097
86.207
84.658
83.698
85.243
84.632
81.694
77.578
73.624
70.112
67.013
64.654
67.822
68.513
68.307
68.787
72.641
73.969
73.925
70.346
70.661
75.642
84.267
93.57
107.14
145.82
172.25
161.35
171.83
205.87
224.87
224.18
211.39
195.36
179.83
165.87
154.47
146.43
141.49
150.6
161.22
167.27
171.04
161.94
158.5
153.93
148.41
144.92
144.73
142.32
141.13
140.4
150.17
167.45
157.64
168.65
197.64
212.8
237.94
305.33
366.04
396.92
382.39
368.11
389.46
399.68
384.8
396.05
446.35
507.09
536.68
550.6
568.9
567.67
539.65
525.86
515.39
510.88
515.99
522.58
537.36
547.55
553.9
580.58
611.67
649.65
657.58
655.83
661.12
657.61
670.2
717.65
895.7
961.3
1071.1
1284.8
1403.1
1384.1
1283.5
1120.7
984.7
878
783.2
715.6
681.9
648.6
768.5
1106.1
1529.8
1676
1651
1673.7
1639.9
1594.8
1462.4
1366.7
1306.3
1250.6
1180.3
1107.8
1080.8
1021.3
988.4
938.7
890.4
881.1
853.1
808.5
771.8
751.6
740.2
743.1
746.9
785.4
820.3
898.7
976.9
1049.9
1105.2
1156.9
1160.3
1259.4
1262.1
1247.2
1138.4
1059.3
1013.9
963.2
959.7
934.1
914.5
911.1
905
890.4
881
863.1
837.2
793.1
737.4
683.5
656.4
628.8
605
651.5
672.6
697.5
689.1
677.2
650.9
623.5
598.4
572.2
537.6
542
545.5
510.7
496.9
499.6
537.7
520.9
517.7
513.7
498.6
495.3
445.09
386.67
352.8
335.54
325.12
313.98
299.8
282.39
265.54
254.78
242.44
227.86
215.69
202.44
188.71
176.53
167.47
160.24
153.56
166.75
189.71
196.03
199.63
213.32
235.24
255
269.31
275
271.42
260.08
243.83
225.06
214.29
202.5
187.49
171.35
156.12
143.09
131.91
122.46
114.63
109.28
105.53
101.91
112.13
111.6
111.52
113.73
114.66
112.46
108.57
105.58
105.05
105.81
107.24
112.02
112.27
109.96
114.51
119.9
126.58
128.84
126.36
121.46
116.13
111.23
107.44
104.38
102.16
100.18
98.274
96.291
94.576
92.88
91.153
88.944
86.741
84.475
82.022
79.871
77.76
78.93
80.204
79.648
77
73.381
69.671
67.062
65.784
65.481
65.45
65.807
66.265
66.455
66.295
65.979
65.117
64.165
63.254
62.453
63.99
65.511
66.456
65.168
64.072
63.039
62.123
61.311
60.942
60.565
59.038
57.095
55.651
55.469
55.977
56.882
57.686
58.254
58.772
59.412
61.231
64.28
70.287
73.268
73.23
71.176
68.476
65.577
63.084
60.918
59.156
57.876
56.535
54.865
53.219
52.242
52.524
53.821
55.826
57.733
61.055
63.864
64.277
62.607
60.304
58.556
57.396
57.006
56.88
57.083
57.263
57.338
57.237
56.913
56.687
55.186
54.126
53.3
52.3
51.4
50.581
49.938
50.018
57.815
66.864
70.916
71.774
72.012
72.372
72.024
69.936
66.991
66.353
74.747
91.741
101.56
101.61
97.737
95.697
95.403
94.792
94.016
93.258
91.757
89.377
93.529
97.184
97.969
103.93
106.14
114.63
120.36
118.26
161.62
176.04
164.69
142.28
121.55
106.43
100.4
97.062
103
107.3
104.59
101.31
97.015
92.024
89.561
92.531
93.918
96.124
101.96
126.4
145.86
135.61
116.4
117.45
141.26
160.65
179.65
193.59
191.18
197.87
207.01
232.9
250.08
236.34
228.34
231.68
227.53
215.13
228.26
228.53
235.57
244.02
256.62
272.94
297.92
317.73
319.45
323.59
328.9
323.42
309.71
296.89
291.95
277.59
275.7
269.59
272.1
276.85
307.05
328.46
332.6
332.13
375.14
421.95
460.88
474.54
483.31
487.54
482.7
465.28
441.73
414.78
394.35
368.59
363.51
370.43
403.87
588.24
844.1
1062.6
1171.4
1163.4
1097.8
1017.3
903.46
806.63
742.16
699.45
668
637.5
601.99
558.72
509.28
469.33
433.83
410.85
415.56
424.89
456.18
503.6
698.7
984.7
1253.6
1354.5
1397.1
1341.5
1251.6
1156.5
1066.4
950.8
866.9
824.5
791.3
759
714.98
666.56
639.41
619.28
609.77
602.72
649.85
677.46
707.13
727.72
737.87
753.06
796.77
933.52
1026.5
1011.2
960.57
913.51
887.36
855.71
829.1
821.95
826.29
857.1
892.16
925.67
942.79
944.84
901.82
821.85
767.32
845.18
850.3
872.9
945
912
981
992.8
985.5
939.4
877.2
722.9
863.3
922.9
937.6
903.5
842.6
773.9
720.6
731.9
670.5
621.8
623.9
618.4
610.8
601.3
585.3
560.8
529.5
494
457.1
421.2
387.2
356.4
329.9
273.65
210.03
182.23
167.9
159.79
154.97
149.54
142.22
134.37
127.16
121.74
117.66
114.75
112.35
110.04
107.67
105.59
103.87
102.3
100.51
98.255
95.999
93.583
91.579
90.041
88.693
87.445
86.459
85.563
84.5
83.347
82.493
81.577
80.57
79.431
77.98
76.828
75.938
75.037
74.235
73.433
72.565
71.91
71.219
70.819
70.453
70.199
69.945
69.629
69.389
69.274
69.209
68.853
68.538
68.032
67.529
66.626
65.887
65.164
64.78
64.682
64.879
65.04
65.189
65.138
65.084
64.767
64.16
63.593
62.838
62.084
61.535
60.685
60.139
59.489
59.143
58.594
58.184
57.75
59.206
56.399
55.766
55.924
55.981
55.936
55.893
55.648
55.539
55.54
55.344
55.147
54.85
54.653
56.027
56.866
57.361
58.399
57.874
57.959
57.977
57.499
57.197
56.525
55.835
55.14
54.544
53.919
53.255
52.603
52.092
51.827
51.411
51.307
51.14
51.021
50.914
50.709
50.668
50.378
50.276
49.871
49.528
49.135
48.93
48.623
48.217
48.3
47.9
47.8
47.546
47.325
47.184
46.836
46.626
46.228
45.935
45.809
45.17
45.068
44.939
44.466
44.317
44.014
43.922
43.835
43.847
44.257
43.466
43.374
43.417
43.372
43.527
43.399
43.444
43.372
43.2
43
42.9
42.583
42.35
42.079
41.934
41.701
41.567
41.437
41.402
41.606
42.286
42.557
42.963
43.487
44.146
45.713
48.083
50.588
52.264
54.003
53.578
53.626
58.082
62.521
65.219
65.516
63.884
61.267
58.578
56.139
54.336
52.716
51.854
51.305
51.155
51.231
50.973
50.569
49.978
50.125
71.728
87.676
87.057
120.13
167.43
183.69
196.14
186.01
172.59
196.36
224.66
273.99
313.8
343.97
378.31
383.83
382.71
382.24
384.02
388.06
401.16
388.96
362.9
336.36
314.11
288.17
266.4
248.12
227.33
220.91
227.11
262.78
298.79
325.74
364.2
441.34
599.5
697.51
724.37
701.72
675.62
649.63
626.61
618.9
616
607.4
591
569.5
545.8
533.8
554.6
622
644.8
658
681.2
683.4
681.7
821.9
783.7
720.1
678.7
662.4
683.9
720.9
676.8
608.8
641.5
679.3
708.8
727.7
730.1
769.7
777.9
806.2
820.8
823
807.8
774.2
726.7
684.7
659.1
657
680.6
701.3
748.2
787.4
817.6
861.6
900.7
903.9
898.3
904.23
863.06
815.87
804.75
763.87
747.99
789.67
835.3
871.8
887.66
873.12
866.65
860.71
873.94
859.08
810.95
807.45
904.01
907.8
901.8
907.8
970.6
972.8
926.8
863.8
802.5
816.7
805.2
765.1
719.5
668.19
622.81
597.59
625.5
692.84
787.4
877.9
905.83
873.34
814.67
768.96
734
719.67
711.47
717.47
723.48
704.69
663.32
615.73
570.19
532.33
502.8
480.43
477.5
476.21
458.85
483.78
520.61
506.34
468.81
455.71
434.03
400.44
363.59
328.11
295.19
265.59
239.76
217.57
199.11
184.38
173.65
166.94
163.54
161.06
157.74
153.24
147.98
141.89
135.49
129.06
123.09
118.06
113.55
110.29
108.65
106.9
104.79
108.36
110.4
116.11
158.4
215.05
302.48
353.25
356.01
371.25
538.71
647.12
671.85
660.85
643.73
618.05
581.53
537.47
490.98
445.72
404.17
367.23
334.93
307.09
267.77
204.34
173.2
154.17
140.06
128.73
119.98
112.98
107.35
102.34
98.133
94.365
91.011
88.421
86.522
84.621
83.12
82.12
81.254
80.901
81.147
80.932
80.49
79.667
79.283
79.049
78.927
79.18
79.066
78.66
77.991
77.37
76.398
75.477
74.37
73.467
72.565
71.865
71.23
71.149
71.491
72.177
72.576
72.179
71.118
69.871
68.653
67.779
67.49
67.462
67.385
67.331
67.085
66.838
66.43
65.766
64.917
64.132
63.274
62.425
61.675
60.928
60.378
59.93
60.116
60.489
60.483
61.555
63.024
64.924
66.611
66.919
66.634
66.743
67.632
68.968
70.279
71.25
71.659
71.787
71.328
69.982
68.577
67.181
65.688
64.059
62.582
61.356
60.278
59.151
58.238
57.265
56.207
55.35
54.535
53.797
53.08
52.306
51.819
51.33
50.64
50.285
50.043
50.502
50.7
50.944
50.94
50.848
50.895
50.953
50.774
50.615
50.391
50.155
49.877
49.588
49.333
48.99
48.748
48.946
49.455
49.767
49.916
49.779
49.608
49.229
49.648
48.867
48.884
49.672
50.663
52.943
55.126
56.564
57.235
57.328
57.022
57.331
58.502
58.336
57.661
57.058
56.932
71.154
92.652
125.08
145.44
142.28
131.64
119.54
108.96
101.77
98.518
102.8
110.8
117.89
122.54
124.79
124.35
122
118.69
115.26
111.72
108.99
106.58
103.98
102.73
102.7
103.08
102.34
100.57
97.932
94.575
93.319
104.66
112.47
123.44
160.82
154.06
137.89
175.48
245.58
305.7
314.26
302.53
292.03
320.06
314.69
291.6
273.31
261.71
253.61
248.52
245.45
242.41
211.85
189.85
182.95
169.46
154.62
139.71
127.62
119.92
114.23
107.03
100.89
96.651
95.236
95.792
97.047
99.465
100.45
100.71
120.26
131
126.03
114.85
127.06
143.87
155.35
160.09
161.92
160.62
158.47
157.58
158.41
158.99
159.08
158.24
156.73
156.66
182.45
183.94
167.78
176.08
194.53
210.76
242.66
269.92
274.5
276.95
283.78
283.86
280.92
305.66
331.14
341.83
344.19
346.87
357.05
383.34
416.03
437.43
433.6
433.14
439.08
482.04
531.07
551.11
548.81
528.48
512.22
487.88
461.09
453.06
436.92
401.73
365.72
371.17
697.23
637.7
576.5
705.1
762.4
788.1
781.2
793.9
839.2
858
846.8
820.5
779.8
727.7
670.4
620.2
566.1
515.8
497
514.9
551.4
573
573.2
557.2
535.1
490.28
429.25
465.99
496.51
488.29
451.97
405.11
359.05
329.93
297.76
279.96
257.83
233.18
211.47
196.9
189.43
186.32
205.88
220.3
219.5
215.26
214.49
222
225.58
222
215.32
206.17
195.59
184.26
172.88
162.41
154.79
153.96
156
176.46
206.43
228.5
238.59
236.05
227.83
219.06
217.76
216.2
215.41
213.29
209.1
203.32
197.41
190.01
196.88
201.84
196.34
184.43
171.4
159.38
148.62
139.37
130.63
122.52
115.33
108.78
102.51
96.966
91.855
87.388
83.671
80.367
77.365
74.528
72.177
70.062
68.091
66.435
64.879
63.426
62.27
61.154
60.348
59.509
58.857
58.242
58.636
71.168
85.99
89.859
85.571
79.512
74.008
69.597
66.088
64.065
61.581
60.693
61.804
64.214
73.329
79.859
81.228
77.845
72.563
67.513
64.023
62.084
61.004
60.623
60.188
59.877
59.881
60.002
59.828
59.285
58.446
57.876
57.351
56.773
56.611
56.35
56.265
56.373
56.28
56.186
55.592
55.134
54.387
53.7
53
52.2
51.54
50.766
50.015
49.13
48.472
47.824
47.275
46.863
47.026
47.078
47.202
47.149
47.139
47.039
47.005
46.896
46.965
46.886
46.795
46.599
46.367
46.286
45.89
46.026
45.773
45.718
45.665
45.392
47.297
47.849
49.418
58.675
68.317
73.963
79.46
88.715
96.1
101.16
103.91
104.3
102.7
99.336
95.127
93.88
100.73
102.81
105.11
99.565
90.624
84.312
79.141
75.204
72.717
71.736
72.037
72.467
71.761
69.849
67.062
64.28
61.601
59.488
57.628
56.022
54.6
53.6
52.7
52.265
51.428
50.734
50.496
49.08
47.962
47.595
47.118
47.103
47.275
47.582
47.796
48.046
48.142
48.049
47.757
47.465
47.474
47.786
48.267
48.54
49.787
68.247
82.436
82.866
76.288
70.118
67.635
141.38
184.31
182.92
172.76
160.29
148.23
138.58
132.32
130.16
123.16
121.17
122.91
128.4
131.28
130.09
124.56
135.7
134.43
138.18
158.69
168.82
161.93
155.34
159.67
168.38
175.21
180.65
190.74
198.85
219.17
234.68
226
205.18
189.26
184.91
197.88
206.14
207.02
203.06
202.38
203.65
217.17
223.17
240.16
247.04
251.16
293.94
408.02
412.76
348.67
327.42
340.26
374.5
492.07
633.17
923.83
1029.3
985.92
891.7
800.13
765.44
732.84
671.42
671.4
611.9
578.3
587.4
615.8
679.1
729.9
758.7
792.7
817.5
816.1
793.8
746.7
691.4
644.4
610.2
594.9
570
530.7
515.2
516.7
521
532.4
545.6
563.9
578.7
585.7
588.1
598.8
616.78
613.84
658.84
674.22
730.81
756.64
779.1
815.1
856
884.6
872.1
832.5
785.8
730.5
670.55
587.27
518.82
467.04
436.84
417.56
400.45
400.03
429.5
470.11
534.47
592.84
628.78
647.17
647.05
639.73
611.86
606.69
585.63
553.83
517.96
486.61
456.62
451.23
462.58
533.27
610.14
670.9
696.38
685.64
671.06
646.94
612.87
578.82
549.85
589.95
629.5
671.3
738.5
816.9
859.9
853
813.9
750.1
699.9
658.8
618.3
576.2
537.9
506.2
488.8
483.2
473.77
434.39
398.41
373.37
355.46
340.23
324.24
306.02
287.44
266.63
246.24
229.03
215.09
211.35
207.18
199.51
190.63
182.45
175.07
168.29
162.38
156.99
151.87
146.76
141.42
136.74
130.33
123.41
116.97
111.67
107.64
104.41
102.08
100.2
98.34
97.516
98.279
98.502
97.916
96.294
94.324
91.934
89.46
86.994
84.463
82.219
79.868
77.991
75.971
74.066
72.166
70.801
70.083
69.313
68.492
67.285
66.18
65.441
64.854
64.719
65.332
65.07
66.351
67.815
68.613
68.219
67.322
66.347
65.581
65.142
64.983
64.921
64.592
64.249
63.534
63.004
62.195
61.327
60.707
59.934
59.177
58.62
57.967
57.411
56.859
56.405
55.952
55.697
55.145
54.691
54.34
53.886
53.471
53.268
52.968
52.57
52.407
52.357
51.972
51.879
51.684
51.389
51.059
51.017
50.611
50.378
50.135
49.893
49.712
49.456
49.209
49.426
48.5
48.3
48.3
48.169
48.121
47.772
47.661
47.359
47.595
47.493
47.422
47.268
47.274
47.077
46.845
46.401
46.2
46.1
45.9
45.857
46.08
46.478
46.519
46.595
46.474
46.428
46.341
46.166
46.168
45.929
45.675
45.255
45.042
44.7
44.4
44.1
43.532
43.224
42.952
42.63
42.386
42.135
41.823
41.523
41.327
41.135
40.944
40.618
40.48
40.242
40.102
40
39.874
39.838
39.839
39.848
40.058
40.067
40.175
40.017
39.972
40.027
40.285
40.733
41.259
41.822
42.232
42.083
41.974
42.111
41.098
40.834
40.592
40.258
39.9
39.8
39.5
39.189
38.848
38.451
38.031
37.735
37.685
37.807
37.856
38.15
38.66
39.216
39.593
40.114
40.609
41.292
42.57
45.086
49.049
55.57
63.462
69.765
72.007
71.38
69.468
66.069
62.213
58.831
56.698
55.596
54.858
54.016
52.624
51.179
49.848
48.346
47.217
46.009
45.042
46.601
49.617
132.62
156.43
128.98
103.81
88.133
78.298
72.287
69.062
77.133
187.35
212.08
195.26
173.14
144.91
126.67
141.72
186.68
218.36
240.56
255.88
254.72
241.76
225.2
207.14
196.28
182.31
168.65
158.38
149.41
144.54
153.37
222.12
293.04
345.75
494.13
530.44
514.26
498.95
468.3
430.99
393.79
364.18
335.08
338.65
347
354.35
376.68
417.64
446.82
455.24
464.93
493.6
498.67
485.36
467.06
472.8
468.02
454.73
442.75
426.37
427.53
410.77
391.2
378.95
376.47
392.34
395.33
389.58
402.94
477.98
543.87
591.76
621.15
617.4
596.29
576.03
561.97
551.31
523.77
493.76
506.44
530.51
527.1
509.27
493.37
471.99
458.2
459
474.69
509.02
534.51
550.51
557.63
576.71
577.23
563.17
555.99
603.46
658.29
728.18
743.89
731.69
769.15
757.43
751.48
750.43
703.46
651.55
666.67
671.75
714.6
771.7
858.4
931.4
993.7
1012.1
1025.4
995.47
979.74
913.92
939.28
957
894.5
837.3
800.8
770.1
854.8
865.3
830.5
795
942.4
1100.7
1175.8
1228.1
1234.8
1148.5
1024
903.3
851.6
835.9
832.3
823.9
801.8
764.9
707.5
641.4
580.4
530.2
487.7
443.3
402.5
368.9
341.4
302.07
233.98
203.36
183.66
167.93
156.46
148.15
140.91
134.05
127.89
121.96
116.35
111.43
107.39
104.09
101.12
98.597
96.02
94.095
92.719
91.996
91.389
90.858
112.89
125.6
122.39
136.96
162.94
191.09
223.25
265.38
276.04
255.14
240.43
258.25
269.05
271.04
263.75
249.44
230.81
211.26
192.28
174.57
158.9
145.26
133.74
126.21
125.13
120.98
115.26
108.48
102.39
97.756
93.877
90.663
88.31
86.658
85.245
83.676
82.193
80.505
79.017
77.691
76.281
74.811
73.39
72.217
70.86
69.904
70.787
67.28
66.375
66.372
66.234
65.884
65.67
65.567
65.032
64.586
64.275
63.839
63.157
62.665
62.005
61.559
61.412
60.269
59.924
59.681
59.436
59.528
59.33
58.934
58.774
58.326
58.042
57.549
57.117
56.772
56.626
56.577
56.6
56.546
56.294
56.248
56.163
55.969
56.138
56.093
56.049
55.901
55.892
55.493
55.396
54.964
54.684
54.69
54.691
55.091
55.189
55.522
55.366
55.008
54.589
54.079
53.372
52.599
51.838
51.205
50.452
49.734
49.425
49.12
48.818
48.518
48.221
47.891
47.651
47.313
47.1
46.8
46.8
46.271
46.132
45.956
156.67
190.52
154.58
127.87
118.94
119.33
120.52
118.06
111.3
102.1
92.422
83.566
75.679
69.246
64.031
59.783
56.591
54.015
52.308
51.455
50.891
50.188
49.57
49.316
49.043
46.164
48.284
45.603
42.656
53.019
63.444
72.087
78.895
83.228
84.58
83.241
80.371
78.672
77.079
75.099
73.423
73.15
73.406
74.033
74.489
101.55
107.37
121.4
134.38
138.44
145.81
158.59
166
180.12
209.47
254.67
290.25
298.31
285.7
265.71
247.61
220.4
233.8
1281.5
915.9
572.5
672.26
859.02
901.87
817.25
784.12
710.07
597.61
502.97
439.94
557.45
527.79
681.33
849.2
904.5
886.4
831.4
768.9
697
616.3
535
465.2
413.4
367
347.4
356.4
401.4
409.6
392.4
383.7
404.3
415.6
428.8
435.4
424.4
408.1
387.4
367.8
343.37
317.96
305.3
296.75
291.21
291.43
327.93
368.46
381.95
377.89
377.7
409.32
407.69
388.69
361.35
338.69
323.63
306.86
286.01
265.24
247.72
237.89
226.82
222.48
213.65
201.84
180.27
166.17
159.73
162.55
170.99
180.93
217.78
250.95
276.35
299.04
371.57
434.47
491.84
519.57
591.08
598.54
568.38
562.29
548.64
529.56
513.83
521.09
555.38
624.5
673.76
705.71
711.82
687.89
652.03
614.43
578.29
541.16
504.65
472.94
446.73
410.68
373.36
346.25
323.5
303.76
289.01
287.81
284.8
275.56
254.95
269.46
280.07
282.31
288.56
292.94
289.57
326.75
369.14
480.42
546.08
633.98
680.56
729.68
768.16
826.09
870.28
862.2
826.7
777.2
755.3
757.42
758
761.63
733.6
718.3
715.6
707.1
670.1
644.3
656.6
718
805
903.3
976.1
997.9
945.8
887.3
835.86
735.39
646.44
570.09
501.7
439.05
381.82
331.55
289.31
254.19
224.62
199.82
179.44
162.29
148.44
136.58
126.69
118.22
111.19
105.67
101.26
97.647
94.436
91.66
89.498
87.772
86.198
84.899
83.494
82.49
84.058
85.289
84.796
83.262
81.477
81.75
82.844
83.804
84.557
84.071
82.739
81.121
79.743
78.984
78.533
77.644
78.345
80.043
80.575
79.656
77.983
76.426
75.034
73.834
72.832
71.694
70.443
69.228
68.522
68.554
68.8
68.645
67.794
66.841
66.327
66.129
66.342
66.374
65.542
64.196
62.873
61.89
61.19
61.188
61.284
61.544
61.793
64.755
66.8
67.257
65.972
63.964
62.08
60.898
60.457
60.498
60.61
60.851
61.337
60.636
60.173
59.795
59.143
58.33
57.57
56.92
56.412
55.614
54.919
54.489
54.247
54.875
55.695
56.277
56.611
56.66
56.439
55.861
55.333
54.517
53.704
52.827
52.035
51.439
50.742
50.28
49.867
49.401
49.3
49.1
49
48.651
48.403
48.393
48.764
49.074
49.218
49.731
49.893
49.971
49.588
49.052
48.565
48.063
47.657
47.114
46.658
46.301
45.8
45.6
45.3
44.941
45.121
43.912
43.642
43.488
43.137
42.991
42.645
42.44
42.21
41.871
41.768
41.475
41.285
41.096
40.944
41.005
41.23
41.181
41.306
41.43
42.444
43.838
44.739
44.911
44.937
47.024
50.309
52.328
54.644
55.924
56.151
55.587
54.401
52.972
54.329
55.356
54.778
52.698
50.382
48.254
46.524
45.188
44.088
43.196
43.082
44.284
45.724
49.092
52.29
53.552
52.931
51.587
52.111
55.005
56.508
56.04
67.435
82.597
91.409
92.382
128.27
138.19
126.35
108.44
90.905
77.443
132.63
149.94
133.62
114.79
102.03
92.435
98.494
112.67
140.91
149.53
139.78
125.4
266.54
258.47
310.14
462.27
465.04
405.45
389.35
428.76
474.85
494.75
492.14
478.31
466.94
442.63
418.76
343.84
296.22
265.26
371.87
434.55
437.31
455.1
434.69
426.36
412.44
407.41
401.31
410.63
427.36
442.86
452.73
453.23
454.8
443.35
429.97
419.21
411.86
415.52
431.1
461.15
466.26
499.25
518.67
548.54
525.27
492.33
463.9
449.22
432.56
415.66
406.87
400.16
397.79
402.37
593.44
671.07
699.54
816.31
819.88
771.6
763.7
755.81
722.85
754.69
720.61
654.03
623.15
574.41
540.21
560.22
572.02
584.99
598.33
628.85
755.66
842.78
865.16
850.75
807.89
773.46
741.61
731.41
725.81
698.88
664.88
672.32
705.79
767.15
874.26
939.5
1004
1006.1
969.8
904.1
844.5
799.18
760.99
739.21
720.79
709.95
737.94
969.16
946.6
892.8
834.9
896.8
961.9
988.9
974.6
915.7
873
837
794.5
756.8
765.7
747.1
698.4
672.2
673.63
671.24
685.45
709.97
727.12
712.14
688.57
681.08
673.43
648.86
625.05
578.45
543.51
533.33
535.49
531.49
509.97
491.5
457.55
416.74
379
342.76
314.75
293.57
272.12
266.09
290.2
293.55
289.18
280.37
281.27
309.24
383.99
468.18
504.3
542.2
642.4
693.6
684.9
613.59
523.9
465.45
427.32
398.68
371.47
345.06
319.27
294.38
277.01
304.84
296.41
257.68
221.55
195.29
176.86
163.51
152.91
143.61
135.12
128.18
122.35
119.09
117.81
116.27
113.89
110.47
106.5
102.65
99.595
97.246
96.26
95.098
132.65
150.47
138.88
121.28
108.5
100.63
96.531
95.14
95.761
97.227
98.992
99.82
99.629
98.023
95.776
93.311
90.892
88.621
86.538
84.28
82.126
80.012
77.808
75.841
73.986
72.432
70.979
69.723
68.506
67.398
66.458
65.706
64.755
64.065
63.4
63.081
62.674
62.67
62.367
61.866
61.366
61.067
61.069
60.771
60.373
60.04
59.596
59.188
58.954
58.275
58.021
57.676
57.294
57.668
56.763
57.404
57.989
58.327
58.275
57.929
57.581
57.135
56.751
56.121
55.44
55.081
54.867
54.565
54.33
54.085
53.839
53.591
53.146
52.963
52.705
52.358
52.11
51.666
51.183
50.925
50.775
50.623
50.509
50.204
50.1
50.131
50.209
50.599
50.656
50.801
50.945
50.749
50.408
49.953
49.734
49.589
49.672
49.705
49.615
49.52
49.462
49.853
50.293
50.685
51.19
51.663
51.691
51.435
50.782
50.268
50.636
51.972
52.599
52.186
51.588
50.929
50.484
50.404
50.214
50.993
53.069
56.784
58.028
56.561
54.301
52.487
51.818
51.909
52.498
53.271
53.913
54.446
55.919
58.827
60.44
60.567
59.598
63.292
69.978
76.808
87.665
96.748
123.47
139.71
141.88
135.24
124.2
125.66
136.22
162.98
190.57
219.28
269.23
265.04
252.45
256.76
259.39
279.62
307.49
316.41
311.05
289.92
264.48
262.04
318.01
334.1
342.07
341.5
390.06
454.47
627.56
656.84
616.07
550.19
505.1
509.23
522.04
547.37
608.02
644.36
629.35
725.99
734.3
794.55
805.89
761.74
747.16
736.6
913.7
940.6
900.8
859.1
825.5
771.4
718.6
686.9
637.6
587.1
547.7
496.3
455.5
431.3
417.4
403.5
387.4
392.9
394.6
396.9
373.1
367.6
367.7
411.8
451.7
484.6
541.8
565.5
585.9
643.1
624.6
677
711.1
709.9
682.9
636.7
591.8
545.4
508.2
469.9
395.2
350.5
318.8
335
374.9
453.4
563
650.5
708
745.6
759.9
750.8
734
706.1
738
659.1
640.7
668.4
728.9
766.5
853.8
870.9
874.5
877
854.6
817.4
777.8
741.3
745
708
660.5
606.6
565.9
527.8
489.9
458.5
434.8
433.7
462.6
487.3
547.5
640.9
732.5
836
867.8
862.8
815.2
747.1
724.4
692.5
660.7
641.2
659.2
685.2
739.7
852.3
926.7
950.5
983.1
1047.2
1030.6
1002.5
951.2
922.3
864.5
804
741.9
677.7
614.4
561.7
516.5
481.6
455
442.7
424
409.1
407.7
426.7
432.9
501.9
580.1
618.06
676.24
700.53
709.06
686.86
656.01
621.03
587.6
553.95
526.04
496.58
467.15
435.36
397.71
396.35
454.92
509.16
596.28
729
849.18
889.5
949.8
996.9
985.4
916.7
829
738.3
652.6
574.8
517.5
557.7
581.5
525.2
449.8
381.12
307.35
261.51
233.28
214.9
201.08
189.27
177.75
166.43
155.81
146.27
137.65
129.85
122.86
116.63
111.06
106.58
102.59
99.006
95.685
92.479
90.777
89.975
89.207
88.188
87.08
87.011
87.455
87.663
96.962
101.69
102.91
99.923
106.3
111.79
111.95
107.93
102.77
103.4
102.83
99.056
93.828
89.047
85.387
83.271
81.701
79.882
78.01
76.225
75.199
74.789
74.384
73.779
73.511
72.756
71.9
71.047
69.957
69.093
68.339
67.749
67.087
66.435
65.785
65.038
64.453
63.994
63.546
63.097
62.517
62.023
61.567
61.184
60.692
60.034
60.088
58.742
58.099
57.752
57.408
57.261
56.751
56.316
55.97
55.46
55.023
54.476
54.365
54.163
54.064
54.166
54.068
54.206
54.193
54.256
54.51
54.401
54.366
54.186
53.994
53.764
53.384
52.89
52.827
52.574
52.485
52.121
52.101
51.891
51.785
51.678
51.371
51.263
51.254
51.18
51.12
50.925
50.722
50.283
50.034
49.687
49.403
49.248
49.14
49.081
49.137
49.194
49.091
48.862
48.69
48.506
48.32
48.098
47.727
47.378
47.036
47.256
46.267
45.775
45.6
45.5
45.4
45.183
45.025
44.781
44.638
44.935
46.933
54.994
63.777
66.614
66.956
67.347
67.708
67.152
67.129
66.825
65.706
63.76
61.675
59.79
58.674
58.888
59.908
61.328
62.651
63.576
64.406
65.64
67.248
69.018
73.235
76.815
84.262
95.014
99.837
98.557
92.996
85.247
77.276
70.276
64.991
61.304
63.829
70.478
72.627
70.217
66.338
62.91
60.583
60.333
339.47
357.6
328.96
267.63
195.14
158.25
187.41
232.82
259.54
276.24
275.51
258.02
241.33
230.03
223.24
229.86
231.23
225.54
213.95
186.06
176.61
172.64
169.59
165.73
163.51
159.12
183.27
201.92
212.48
232.82
255.7
281.25
302.8
325.95
338.3
334.85
296.71
277.02
277.53
272.95
261.49
245.51
231.88
223.29
235.68
238.31
276.78
310.22
374.27
451.62
511.4
552.9
586.6
587.6
569.3
538.8
491.39
432.61
677.22
672.65
553.34
473.7
459.1
463.74
450.54
434.4
415.88
399.02
383.14
359.06
334.14
324.3
333.16
347.43
359.41
331.99
472.23
683.59
850.6
987.4
1059.2
1240.3
1134.5
942.2
784.5
716.9
684
673.3
681.2
713.1
707.8
690.3
655.3
614.3
576.8
542.5
514.9
469.5
442.9
468.79
558.26
622.51
629.67
619.47
600.39
578.32
624.72
603.5
637.7
817.5
1023.3
1123.2
1164.1
1140.3
1074.5
979.5
877.8
783.4
697.4
629.5
621.4
610
593.5
572.9
524.3
499.3
502.3
554.2
658.9
733.1
726.1
667.8
619.9
594.1
600.1
605.2
656.8
753.4
816.9
818.5
802
747.5
700.6
691.6
636
575.52
532
495.14
470.65
457.26
445.21
433.59
419.37
397.78
370.62
341.97
315.55
297.18
276.95
256.57
267.83
370.25
393.75
352.06
307.69
274.54
252.48
238.27
228.4
220.62
210.34
197.24
183.55
170.61
159
148.35
138.49
129.88
122.65
125.33
141.96
147.16
150.01
148.09
141.33
141.97
146.53
153.45
159.24
152.57
149.09
150.68
162.36
177.06
181.06
174.78
165.2
156.23
147.52
138.97
130.65
123.14
116.47
110.42
104.94
99.912
95.504
91.735
90.15
87.427
84.255
81.335
79.592
78.941
78.862
78.376
77.054
75.312
73.691
72.374
71.394
72.933
73.214
72.012
70.156
67.668
65.623
64.625
66.178
68.95
71.141
72.236
72.268
71.949
71.142
70.74
69.139
68.041
67.079
66.064
64.797
63.582
62.546
61.601
60.593
59.895
59.201
58.707
57.912
57.083
57.641
57.934
57.935
57.539
57.343
57.282
57.169
57.667
57.769
58.17
58.036
57.819
57.276
56.631
55.983
55.037
54.153
53.224
52.38
51.771
51.872
52.882
54.335
55.227
54.992
54.21
52.98
51.963
51.183
50.951
51.067
51.803
51.347
51.289
51.405
51.143
50.746
50
49.4
48.8
48.076
47.415
46.955
46.599
46.242
45.924
45.755
45.402
46.366
47.1
49.128
51.581
57.127
63.09
66.358
70.361
71.804
68.257
62.635
60.662
67.943
71.163
67.522
62.453
59.176
57.663
57.032
56.993
56.856
58.007
64.15
68.697
71.226
74.428
72.779
66.96
61.974
54.777
53.107
53.441
55.12
57.453
59.454
61.91
65.161
68.951
70.275
69.101
67.035
65.393
64.873
64.897
64.975
64.74
64.311
64.965
66.258
70.522
79.134
87.959
89.996
82.739
99.709
107.18
104.05
98.762
99.963
100.73
99.208
158.72
213.4
210.93
189.1
206.34
212.23
210.24
230.06
290.42
368.35
415.9
451.15
484.71
714.29
804.38
857.98
997.9
1018.7
966.82
909.45
823.1
734.39
669.49
616.12
567.72
526.17
491.93
463.72
421.95
362.49
335.9
329.9
369.9
415.6
451.7
470.7
473.9
468.7
570.3
552
519.83
579.86
612.23
604.9
570.63
529.61
491.78
465.2
471.47
479.37
486.08
511.56
541.62
545.91
535.68
517.35
477.01
441.67
420.66
391.85
360.95
334.66
323.95
309
292.59
282.73
272.9
266.53
298.51
318.79
455.48
541.84
588
639
747.4
828
840.3
802.6
741
676.8
601.26
515.3
471.17
439.62
429.64
424.26
410.89
399.36
392.73
378.13
356.26
417.52
563.98
643.4
735.4
944.7
1031.9
1061.8
1082.9
981.6
958.4
967.4
1032.2
1128.5
1156.3
1119.8
1058.4
987.3
920.2
870.4
797.3
728.6
677.7
637.5
616.9
632
695.7
780.3
995.4
989.6
956.6
1039.3
1130.6
1156.2
1129.8
1077.2
1011.6
939.4
868.1
786.4
730.4
675.3
657.1
612.1
555.2
506.4
458
414.8
397.8
382.4
389.4
385.25
374.32
383.43
393.49
396.5
396.61
444.68
501.03
520.36
506.5
521.1
568.9
590.5
630.3
674.5
726.1
727.6
698.38
627.83
568.17
516.77
467.87
420.26
377.05
334.86
297.09
263.07
239.3
235.87
220.37
201.59
184.43
170.48
160.23
155.19
162.37
176.84
196.15
236.53
251.34
246.77
237.66
232.42
227.18
221.05
212.78
202.89
191.99
180.6
169.44
158.62
148.22
138.56
129.56
122.12
115.59
109.5
103.87
98.966
94.4
90.582
87.341
84.789
82.573
80.867
79.328
78.341
77.405
77.654
78.175
78.752
78.844
78.411
77.638
76.979
75.826
74.637
74.002
73.517
72.72
71.82
71.285
70.965
70.885
70.789
70.589
70.387
69.919
69.362
68.671
67.87
67.102
66.182
65.275
64.406
63.65
62.794
61.942
61.188
60.472
59.832
59.183
58.772
58.371
58.072
57.638
57.293
56.784
