70
70
70
70
70
70
70
70
70
70
70
70
70
70
70
70
70
70
70
70
70
70
70
70
70
70
70
70
70
70
70
70
70
70
70
70
70
70
70
70
70
70
70
70
70
70
70
70
70
70
70
70
70
70
70
70
70
70
70
70
70
70
70
70
70
70
70
70
70
70
70
70
70
70
70
70
70
70
70
70
70
70
70
70
70
70
70
70
70
70
70
70
70
70
70
70
70
70
70
70
70
70
70
70
70
70
70
70
70
70
70
70
70
70
70
70
70
70
70
70
70
70
70
70
70
70
70
70
70
70
70
70
70
70
70
70
70
70
70
70
70
70
70
70
70
70
70
70
70
70
70
70
70
70
70
70
70
70
70
70
70
70
70
70
70
70
70
70
70
70
70
70
70
70
70
70
70
70
70
70
70
70
70
70
70
70
70
70
70
70
70
70
70
70
70
70
70
70
70
70
70
70
70
70
70
70
70
70
70
70
70
70
70
70
73.89
85.57
101.67
123.28
151.41
186.74
229.43
278.83
333.51
391.17
449.06
504.63
555.87
601.24
640.01
672.84
700.84
725.81
750.7
780.44
818.59
863.68
915.9
976.77
1020
1020
1020
1020
1020
1020
1020
1020
1020
1020
1020
1020
1020
1020
1020
1020
1020
1020
1020
1020
1020
1020
1020
1020
1020
1020
1020
1020
1020
1020
1020
1020
1020
1020
1020
1020
1020
1020
1020
1020
797.85
177.62
158.69
150.82
142.62
134.62
127.08
120.14
113.52
107.31
101.41
95.969
91.027
86.936
83.808
81.443
79.739
78.394
77.192
75.906
74.309
72.614
70.904
69.627
69.151
69.098
69.159
69.076
68.983
68.654
68.247
67.628
66.794
65.549
63.961
62.291
60.647
59.318
58.132
57.033
56.051
55.034
54.235
53.839
52.701
51.639
48.876
41.809
35.654
30.347
25.812
21.97
18.739
16.037
13.79
11.926
10.384
9.11
8.0573
38.594
54.117
37.937
37.689
53.741
37.308
37.162
53.519
36.931
36.84
36.76
53.346
53.316
53.289
53.266
53.245
36.453
53.21
53.196
36.365
53.171
36.321
53.151
36.286
53.135
36.258
36.246
53.118
36.226
53.109
53.105
36.203
53.099
36.192
53.094
36.184
53.09
36.177
36.174
53.086
36.169
36.167
36.165
36.164
36.163
36.161
19.241
36.159
36.159
36.158
36.157
36.157
36.156
19.234
36.156
36.155
36.155
36.155
36.155
19.232
36.155
36.155
36.155
19.232
36.155
36.155
19.232
36.155
19.233
36.156
19.234
36.156
36.156
19.235
36.157
19.236
36.158
19.238
36.159
19.24
36.161
19.242
36.163
19.245
36.164
19.248
36.167
19.252
36.17
19.257
36.173
19.262
36.177
19.269
36.182
19.276
36.187
19.286
36.194
19.298
19.305
36.209
19.323
36.222
19.346
19.361
36.253
36.267
36.284
19.456
36.328
36.357
36.392
19.648
36.48
19.802
36.597
36.669
36.749
20.258
36.936
37.042
37.155
37.274
37.398
37.524
37.651
21.662
37.895
54.004
38.11
70
54.138
54.167
54.189
54.203
54.208
54.205
38.389
70
54.151
70
70
70
70
70
70
70
70
70
70
70
70
70
70
70
70
70
70
70
70
70
70
70
70
70
70
70
70
53.795
21.49
37.74
37.831
21.899
38.048
22.268
38.327
22.741
23.026
23.349
39.142
24.126
39.727
40.074
25.692
40.893
41.37
41.896
56.236
70
70
70
70
70
70
70
70
70
70
70
70
70
70
70
70
70
70
70
70
70
70
70
70
70
70
70
70
70
70
70
70
70
70
70
70
70
70
70
70
70
70
70
70
70
70
70
70
70
70
70
70
70.068
76.292
84.571
95.632
110.26
129.26
153.38
183.11
218.54
259.35
304.64
352.96
402.46
450.88
496.81
539.1
577.34
612.25
645.07
678.5
715.95
759.57
810.68
871.38
943.55
1020
1020
1020
1020
1020
1020
1020
1020
1020
1020
1020
1020
1020
1020
1020
1020
1020
1020
1020
1020
1020
1020
1020
1020
1020
1020
1020
1020
1020
1020
1020
1020
1020
1020
1020
1020
1020
1020
1020
1020
1020
1020
1020
1020
1020
1020
545.08
158.97
144.69
134.24
125.4
117.62
111.87
106.24
101.01
96.657
93.566
91.317
89.337
87.386
85.089
82.783
80.481
78.213
76.164
74.217
72.394
70.845
69.518
68.578
67.713
66.768
65.988
65.227
64.747
64.784
64.757
64.265
63.547
62.981
62.671
62.499
62.236
61.873
61.433
56.916
48.884
41.819
35.665
30.356
25.819
21.975
18.741
16.038
13.788
11.923
40.19
54.777
39.028
54.297
54.117
53.968
53.844
53.741
53.654
53.581
70
36.931
53.42
53.38
53.346
53.316
53.289
53.266
36.49
53.227
36.42
53.196
36.365
53.171
36.321
53.151
36.286
36.271
53.129
36.246
36.235
36.226
36.218
53.105
36.203
36.198
36.192
36.188
53.092
36.18
36.177
36.174
36.171
53.085
36.167
36.165
36.164
36.163
36.161
36.16
53.08
36.159
53.079
36.157
36.157
53.078
36.156
53.078
36.155
53.078
36.155
53.077
36.155
36.155
53.077
36.155
36.155
53.077
36.155
36.155
53.078
36.155
36.156
53.078
36.156
36.156
36.157
36.157
36.158
36.158
36.159
36.159
19.24
36.161
36.162
19.244
36.163
36.164
19.248
36.167
36.168
19.255
36.171
19.26
36.175
36.177
19.269
36.182
19.277
36.187
19.286
36.194
19.298
36.203
19.313
36.215
19.333
36.231
19.361
36.253
19.401
36.284
19.457
36.329
36.358
19.589
36.433
19.721
36.535
19.898
36.67
20.125
36.839
20.406
37.043
37.156
20.913
37.398
37.524
37.65
37.773
37.892
54.002
38.106
54.099
54.137
54.168
54.191
54.205
70
70
70
70
70
70
70
70
70
70
70
70
70
70
70
70
70
70
70
70
70
70
70
70
70
70
70
70
70
70
70
70
70
70
70
70
70
70
70
70
70
70
70
70
70
70
70
70
70
70
70
70
70
70
70
70
70
70
70
70
70
70
70
70
70
70
70
70
70
70
70
70
70
70
70
70
70
70
70
70
70
70
70
70
70
70
70
70
70
70
70
70
70
70
70
70
70
70
70
70
70
70
70
70
70
73.236
78.907
86.196
95.588
107.62
122.85
141.84
164.99
192.46
224.21
260.05
299.61
341.84
385.16
428.45
470.82
513.22
555.48
597.32
639.93
685.23
735.23
791.91
857.36
932.86
1020
1020
1020
1020
1020
1020
1020
1020
1020
1020
1020
1020
1020
1020
1020
1020
1020
1020
1020
1020
1020
1020
1020
1020
1020
1020
1020
1020
1020
1020
1020
1020
1020
1020
1020
1020
1020
1020
1020
1020
1020
1020
1020
746.77
296.57
330.65
391.47
439.75
461.38
452.89
424.7
388.81
352.18
318
287.08
259.19
233.91
211.01
190.51
172.19
156.12
142.2
130.09
119.54
110.45
102.78
96.438
91.171
86.559
82.609
79.116
76.152
73.415
71.151
69.307
67.681
66.385
65.287
64.344
63.547
62.798
61.913
61.123
60.548
60.108
56.915
48.883
41.819
35.666
30.359
25.827
21.988
57.189
70
70
70
70
70
70
70
70
70
70
70
70
70
70
70
53.42
53.38
53.346
53.316
53.289
53.266
53.245
36.453
53.21
53.196
53.182
53.171
53.16
53.151
70
70
53.129
53.123
70
36.226
53.109
53.105
36.203
53.099
53.096
36.188
53.092
53.09
36.177
53.087
53.086
36.169
53.084
36.165
53.082
36.163
36.161
53.08
36.159
36.159
36.158
36.157
36.157
53.078
36.156
36.156
36.155
36.155
53.078
36.155
36.155
36.155
36.155
53.077
36.155
36.155
36.155
36.155
36.155
36.155
19.233
36.156
36.156
36.156
36.157
36.157
36.158
36.158
19.238
36.159
36.16
36.161
19.242
36.163
36.163
36.164
19.248
36.167
36.168
19.255
36.171
19.26
36.175
36.177
19.269
36.182
36.184
36.187
36.191
36.194
53.099
53.101
70
70
70
70
70
70
70
70
70
70
70
70
70
70
70
70
70
70
70
70
70
70
70
70
70
70
70
70
70
70
70
70
70
70
70
70
70
70
70
70
70
70
70
70
70
70
70
70
70
70
70
70
70
70
70
70
70
70
70
70
70
70
70
70
70
70
70
70
70
70
70
70
70
70
70
70
70
70
70
70
70
70
70
70
70
70
70
70
70
70
70
70
70
70
70
70
70
70
70
70
70
70
70
70
70
70
70
70
70
70
70
70
70
70
70
70
70
70
70
70
70
70
70
70
70
70
70
70
70
70
70
70
70
70
70
70
70
70
70
70
73.176
103.39
152.92
230.56
344.23
500.56
703.69
951.05
1020
1020
1020
1020
1020
1020
1020
1020
1020
1020
1020
1020
1020
1020
1020
1020
1020
1020
1020
1020
1020
1020
1020
1020
1020
1020
1020
1020
1020
1020
1020
1020
1020
1020
1020
1020
1020
1020
1020
1020
1020
1020
1020
1020
1020
1020
1020
1020
1020
1020
1020
1020
1020
1020
1020
1020
1020
1020
1020
1020
1020
1020
1020
1020
1020
1020
1020
1020
1020
1020
1020
990.25
949.72
910.05
874.01
839.27
805.06
771.35
738.27
706.02
674.82
644.87
616.38
589.47
564.25
540.72
518.79
498.24
478.72
459.82
441.06
421.92
401.91
380.6
357.68
333
306.61
278.75
249.85
220.52
191.46
163.38
136.96
112.77
91.228
72.605
70
70
70
70
70
70
70
70
70
70
70
70
70
70
70
70
70
70
70
70
70
70
70
70
70
70
70
70
70
70
70
70
70
70
70
70
70
70
70
70
70
70
70
70
70
70
70
70
70
70
70
70
70
70
70
70
70
70
70
70
70
70
70
70
70
70
70
70
70
70
70
70
70
70
70
70
70
70
70
70
70
70
70
70
70
70
70
70
70
70
70
70
70
70
70
70
70
70
70
70
70
70
70
70
70
70
70
70
70
70
70
70
70
70
70
70
70
70
70
70
70
70
70
70
70
70
70
70
70
70
70
70
70
70
70
70
70
70
70
70
70
70
70
70
70
70
70
70
70
70
70
70
70
70
70
70
70
70
70
70
70
70
70
70
70
70
70
70
70
70
70
70
70
70
70
70
70
70
70
70
70
70
70
70
70
70
70
70
70
70
70
70
70
70
70
70
70
70
70
70
70
70
70
70
70
70
70
70
70
70
70
70
70
70
70
70
70
70
70
70
70
70
70
70
70
70
70
70
70
70
70
70
70
70
70
70
70
70
70
70
70
70
70
70
70
70
70
70
70
70
70
101.84
163.47
261.65
409.33
617.15
893.95
1020
1020
1020
1020
1020
1020
1020
1020
1020
1020
1020
1020
1020
1020
1020
1020
1020
1020
1020
1020
1020
1020
1020
1020
1020
1020
1020
1020
1020
1020
1020
1020
1020
1020
1020
1020
1020
1020
1020
1020
1020
1020
1020
1020
1020
1020
1020
1020
1020
1020
1020
1020
1020
1020
1020
1020
1020
1020
1020
1020
1020
1020
1020
1020
1020
1020
1020
1020
1020
1020
1020
1020
1020
1015.2
984.44
953.77
923.4
893.55
864.51
836.59
810.1
785.64
763.69
744.37
727.79
714.11
703.5
695.87
690.8
687.43
684.52
680.59
674.02
663.32
647.55
625.77
597.41
562.46
521.49
475.61
426.23
374.98
323.57
273.65
226.7
183.86
146.11
113.73
86.827
70
70
70
70
70
70
70
70
70
70
70
70
70
70
70
70
70
70
70
70
70
70
70
70
70
70
70
70
70
70
70
70
70
70
70
70
70
70
70
70
70
70
70
70
70
70
70
70
70
70
70
70
70
70
70
70
70
70
70
70
70
70
70
70
70
70
70
70
70
70
70
70
70
70
70
70
70
70
70
70
70
70
70
70
70
70
70
70
70
70
70
70
70
70
70
70
70
70
70
70
70
70
70
70
70
70
70
70
70
70
70
70
70
70
70
70
70
70
70
70
70
70
70
70
70
70
70
70
70
70
70
70
70
70
70
70
70
70
70
70
70
70
70
70
70
70
70
70
70
70
70
70
70
70
70
70
70
70
70
70
70
70
70
70
70
70
70
70
70
70
70
70
70
70
70
70
70
70
70
70
70
70
70
70
70
70
70
70
70
70
70
70
70
70
70
70
70
70
70
70
70
70
70
70
70
70
70
70
70
70
70
70
70
70
70
70
70
70
70
70
70
70
70
70
70
70
70
70
70
70
70
70
70
70
70
70
70
70
70
70
70
70
70
70
70
70
70
70
70
71.882
112.72
181.02
289.26
451.61
681.26
983.78
1020
1020
1020
1020
1020
1020
1020
1020
1020
1020
1020
1020
1020
1020
1020
1020
1020
1020
1020
1020
1020
1020
1020
1020
1020
1020
1020
1020
1020
1020
1020
1020
1020
1020
1020
1020
1020
1020
1020
1020
1020
1020
1020
1020
1020
1020
1020
1020
1020
1020
1020
1020
1020
1020
1020
1020
1020
1020
1020
1020
1020
1020
1020
1020
1020
1020
1020
1020
1020
1020
1020
1020
1020
1000.4
967.62
934.84
902.14
869.69
837.7
806.43
776.13
747.09
719.55
693.74
669.84
647.95
628.06
610.06
593.67
578.46
563.84
549.13
533.56
516.37
496.85
474.44
448.78
419.79
387.69
352.95
316.34
278.79
241.32
205
170.79
139.53
111.8
87.937
70
70
70
70
70
70
70
70
70
70
70
70
70
70
70
70
70
70
70
70
70
70
70
70
70
70
70
70
70
70
70
70
70
70
70
70
70
70
70
70
70
70
70
70
70
70
70
70
70
70
70
70
70
70
70
70
70
70
70
70
70
70
70
70
70
70
70
70
70
70
70
70
70
70
70
70
70
70
70
70
70
70
70
70
70
70
70
70
70
70
70
70
70
70
70
70
70
70
70
70
70
70
70
70
70
70
70
70
70
70
70
70
70
70
70
70
70
70
70
70
70
70
70
70
70
70
70
70
70
70
70
70
70
70
70
70
70
70
70
70
70
70
70
70
70
70
70
70
70
70
70
70
70
70
70
70
70
70
70
70
70
70
70
70
70
70
70
70
70
70
70
70
70
70
70
70
70
70
70
70
70
70
70
70
70
70
70
70
70
70
70
70
70
70
70
70
70
70
70
70
70
70
70
70
70
70
70
70
70
70
70
70
70
70
70
70
70
70
70
70
70
70
70
70
70
70
70
70
70
70
70
70
70
70
70
70
70
70
70
70
70
70
70
70
70
70
70
70
70
70
81.332
129.19
206.95
326.85
502.34
746.07
1020
1020
1020
1020
1020
1020
1020
1020
1020
1020
1020
1020
1020
1020
1020
1020
1020
1020
1020
1020
1020
1020
1020
1020
1020
1020
1020
1020
1020
1020
1020
1020
1020
1020
1020
1020
1020
1020
1020
1020
1020
1020
1020
1020
1020
1020
1020
1020
1020
1020
1020
1020
1020
1020
1020
1020
1020
1020
1020
1020
1020
1020
1020
1020
1020
1020
1020
1020
1020
1020
1020
1020
1020
998.12
962.92
927.6
892.15
856.64
821.21
785.95
751.01
716.6
682.89
650.18
619.16
590.5
564.43
541.13
519.37
498.89
482.05
468.73
457.86
448.46
439.81
430.82
420.14
406.45
388.44
365.64
338.57
307.96
274.85
240.46
206.07
172.92
142.06
114.31
90.162
70
70
70
70
70
70
70
70
70
70
70
70
70
70
70
70
70
70
70
70
70
70
70
70
70
70
70
70
70
70
70
70
70
70
70
70
70
70
70
70
70
70
70
70
70
70
70
70
70
70
70
70
70
70
70
70
70
70
70
70
70
70
70
70
70
70
70
70
70
70
70
70
70
70
70
70
70
70
70
70
70
70
70
70
70
70
70
70
70
70
70
70
70
70
70
70
70
70
70
70
70
70
70
70
70
70
70
70
70
70
70
70
70
70
70
70
70
70
70
70
70
70
70
70
70
70
70
70
70
70
70
70
70
70
70
70
70
70
70
70
70
70
70
70
70
70
70
70
70
70
70
70
70
70
70
70
70
70
70
70
70
70
70
70
70
70
70
70
70
70
70
70
70
70
70
70
70
70
70
70
70
70
70
70
70
70
70
70
70
70
70
70
70
70
70
70
70
70
70
70
70
70
70
70
70
70
70
70
70
70
70
70
70
70
70
70
70
70
70
70
70
70
70
70
70
70
70
70
70
70
70
70
70
70
70
70
70
70
70
70
70
70
70
70
70
70
70
70
70
70
70
70
80.023
102.89
136.33
183.11
245.62
324.94
420.03
527.87
642.21
754.02
854.32
938.12
1016.1
1020
1020
1020
1020
1020
1020
1020
1020
1020
1020
1020
1020
1020
1020
1020
1020
1020
1020
1020
1020
1020
1020
1020
1020
1020
1020
1020
1020
1020
1020
1020
1020
1020
1020
1020
1020
1020
1020
1020
1020
1020
1020
1020
1020
1020
1020
1020
1020
1020
1020
1020
1020
1020
1020
1020
1020
1020
1020
1009
963.5
922.56
514.4
226.56
216.53
212.88
211.46
210.43
208.73
205.2
199.92
194.04
187.11
189.34
194.89
192.78
182.95
170.27
157.9
146.7
136.92
127.97
119.62
112.1
105.3
98.89
93.062
87.749
83.006
78.979
75.462
72.273
69.291
66.687
64.398
62.281
60.419
56.914
48.881
41.815
35.661
30.353
25.817
21.973
18.741
16.038
13.789
11.924
55.095
70
70
70
70
70
53.845
53.741
53.654
37.162
53.519
70
70
70
70
70
53.289
53.266
53.245
53.227
53.21
36.391
53.182
53.171
53.16
36.302
53.143
53.135
53.129
36.246
53.118
36.226
53.109
36.21
53.102
36.198
53.096
36.188
53.092
36.18
53.088
36.174
36.171
36.169
53.084
36.166
36.164
36.163
36.161
36.16
36.159
36.159
36.158
36.157
36.157
36.156
19.234
36.156
36.155
36.155
36.155
36.155
36.155
36.155
36.155
36.155
36.155
36.155
19.232
36.155
36.155
36.155
36.156
36.156
53.078
53.078
53.078
70
70
70
70
70
70
70
70
70
70
70
70
70
70
70
70
70
70
70
70
70
70
70
70
70
70
70
70
70
70
70
70
70
36.267
36.284
53.152
36.329
36.358
36.392
36.433
36.48
36.535
36.598
36.669
53.375
36.839
36.937
37.042
37.156
37.275
37.398
37.524
37.65
37.774
53.947
54.003
70
70
70
70
54.188
70
70
70
70
70
70
70
70
70
70
70
70
70
70
70
70
70
70
70
70
70
70
70
70
70
70
70
70
70
70
70
70
70
70
70
70
70
70
70
70
70
70
70
70
70
70
70
70
70
70
70
70
70
70
70
70
70
70
70
70
70
70
70
70
70
70
70
70
70
70
70
70
70
70
70
70
70
70
70
70
70
70
70
70
70
70
70
70
70
70
70
70
70
70
70
70
70
70
70
70
70
70
70
70
70
70
70
83.6
110.52
149.6
203.82
275.55
365.69
472.62
592.34
719.1
845.2
963.45
1020
1020
1020
1020
1020
1020
1020
1020
1020
1020
1020
1020
1020
1020
1020
1020
1020
1020
1020
1020
1020
1020
1020
1020
1020
1020
1020
1020
1020
1020
1020
1020
1020
1020
1020
1020
1020
1020
1020
1020
1020
1020
1020
1020
1020
1020
1020
1020
1020
1020
1020
1020
1020
1020
1020
1020
1020
1020
1020
1020
1020
1005
962.48
922.81
885.3
849.35
814.56
780.56
747.1
714.01
681.21
648.65
299.14
96.438
93.637
92.463
92.694
93.078
92.733
91.421
89.536
87.245
84.758
82.255
79.711
77.333
74.972
72.892
70.857
68.849
66.881
65.264
64.247
63.402
62.503
61.325
60.088
59.127
56.918
48.885
41.819
35.665
30.357
25.821
21.978
18.744
16.041
13.791
26.444
55.096
54.777
54.514
54.297
54.117
53.968
53.844
53.741
53.654
53.581
53.519
53.465
36.84
53.38
53.346
36.631
53.289
53.266
36.49
53.227
36.42
53.196
36.365
36.342
53.16
36.302
53.143
36.271
36.258
36.246
53.118
36.226
36.218
36.21
53.102
36.198
36.192
36.188
36.184
36.18
36.177
53.087
36.171
36.169
36.167
36.165
36.164
36.163
36.161
36.16
36.159
36.159
36.158
36.157
36.157
36.156
36.156
19.233
36.155
36.155
36.155
36.155
36.155
36.155
36.155
36.155
36.155
36.155
19.232
36.155
36.155
36.155
36.156
36.156
36.156
36.156
36.157
19.236
36.158
36.158
36.159
19.239
36.16
36.161
19.242
36.163
36.163
19.247
36.166
36.167
19.252
36.17
19.257
36.173
36.175
19.265
36.179
19.273
36.184
19.281
36.191
36.194
19.298
36.203
19.313
36.215
36.222
19.346
36.241
36.252
36.267
19.426
36.304
36.329
19.537
36.392
36.433
19.721
36.535
19.897
36.67
36.75
20.259
36.937
20.565
37.157
20.914
37.399
21.288
37.651
21.663
37.894
22.009
38.109
38.2
22.415
38.338
38.383
54.206
54.211
54.208
70
54.176
70
54.12
54.086
54.049
54.01
53.97
37.859
53.89
37.702
53.814
37.56
37.498
37.443
37.395
37.355
37.323
53.649
53.64
70
70
70
70
70
70
70
70
70
70
70
70
70
70
70
70
70
70
70
70
70
70
70
70
70
70
70
70
70
70
70
70
70
70
70
70
70
70
70
70
70
70
70
70
70
70
70
70
70
70
70
70
70
70
70
70
70
70
70
70
70
70
70
70
70
70
70
70
70
70
70
70
70
70
70
70
70
70
70
70
70
70
70
70
74.814
84.216
96.91
113.78
135.75
163.75
198.34
239.61
286.92
339.21
394.31
449.55
502.67
553.45
601.09
645.84
686.15
722.08
757.09
791.77
828.71
870.65
919.49
978.27
1020
1020
1020
1020
1020
1020
1020
1020
1020
1020
1020
1020
1020
1020
1020
1020
1020
1020
1020
1020
1020
1020
1020
1020
1020
1020
1020
1020
1020
1020
1020
1020
1020
1020
1020
1020
1020
1020
1020
1020
1020
1020
1020
1020
1020
1020
1020
1020
1020
1005.7
966.23
928.53
892.1
856.52
821.53
786.94
752.61
718.49
684.54
650.8
617.3
584.11
551.29
518.95
487.16
456.02
425.63
396.08
367.57
340.13
313.76
288.58
264.64
241.97
220.71
200.83
181.94
163.96
147
131.23
116.63
103.13
90.681
79.25
70
70
70
70
70
70
70
70
70
70
70
70
70
70
70
70
70
70
70
70
70
70
70
70
70
70
70
70
70
70
70
70
70
70
70
70
70
70
70
70
70
70
70
70
70
70
70
70
70
70
70
70
70
70
70
70
70
70
70
70
70
70
70
70
70
70
70
70
70
70
70
70
70
70
70
70
70
70
70
70
70
70
70
70
70
70
70
70
70
70
70
70
70
70
70
70
70
70
70
70
70
70
70
70
70
70
70
70
70
70
70
70
70
70
70
70
70
70
70
70
70
70
70
70
70
70
70
70
70
70
70
70
70
70
70
70
70
70
70
70
70
70
70
70
70
70
70
70
70
70
70
70
70
70
70
70
70
70
70
70
70
70
70
70
70
70
70
70
70
70
70
70
70
70
70
70
70
70
70
70
70
70
70
70
70
70
70
70
70
70
70
70
70
70
70
70
70
70
70
70
70
70
70
70
70
70
70
70
70
70
70
70
70
70
70
70
70
70
70
70
70
70
70
70
70
70
70
70
70
70
70
70
70
70
70
70
70
70
70
70
70
70
70
70
70
70
70
70
70
70
70
70
70
70
70
70
70
79.191
101.37
134.28
181.34
245.62
328.81
430.28
546.52
670.85
794.06
906.09
998.43
1020
1020
1020
1020
1020
1020
1020
1020
1017.9
1012.5
1020
1020
1020
1020
1020
1020
1020
1020
1020
1020
1020
1020
1020
1020
1020
1020
1020
1020
1020
1020
1020
1020
1020
1020
1020
1020
1020
1020
1020
1020
1020
1020
1020
1020
1020
1020
1020
1020
1020
1020
1020
1020
1020
1020
1020
1020
1020
1020
1020
1020
1019.3
977.07
937.5
899.89
863.7
828.52
794.04
760.07
726.45
693.12
660.03
627.2
594.64
562.42
530.6
197.31
77.821
78.177
79.486
79.525
78.294
76.55
76.119
76.911
77.872
78.647
78.516
77.399
75.809
74.288
73.249
72.609
71.771
71.86
73.136
73.947
65.964
56.93
48.902
41.838
35.682
30.371
25.831
21.983
18.746
16.039
55.947
55.48
55.095
70
54.514
54.297
54.117
70
53.845
53.741
53.654
53.581
53.519
53.466
53.42
53.38
53.346
36.632
70
53.266
53.245
53.227
53.21
53.196
53.182
53.171
53.16
36.302
53.143
53.135
53.129
53.123
36.235
53.113
53.109
36.21
53.102
36.198
53.096
36.188
53.092
36.18
53.088
36.174
36.171
53.085
53.084
36.165
53.082
36.163
36.161
53.08
36.159
36.159
36.158
53.079
36.157
36.156
36.156
36.156
36.155
36.155
36.155
36.155
36.155
36.155
36.155
53.077
36.155
36.155
36.155
36.155
36.155
36.155
36.156
36.156
36.156
36.156
36.157
36.157
36.158
36.158
36.159
19.239
36.16
36.161
36.162
19.244
36.163
36.164
36.166
19.25
36.168
36.17
19.257
36.173
36.175
19.265
36.179
36.182
19.276
36.187
19.286
36.194
36.198
36.203
36.208
36.215
36.222
36.23
36.24
53.126
36.266
53.142
36.303
53.164
36.357
53.196
36.432
53.239
36.534
36.597
36.668
36.749
36.838
36.936
37.042
37.156
37.275
37.398
37.523
37.649
53.886
37.891
38.003
54.053
38.197
54.137
54.168
54.19
54.203
70
70
70
70
70
70
70
70
70
70
70
70
70
70
70
70
70
70
70
70
70
70
70
70
70
70
70
70
70
70
70
70
70
70
70
70
70
70
70
70
70
70
70
70
70
70
70
70
70
70
70
70
70
70
70
70
70
70
70
70
70
70
70
70
70
70
70
70
70
70
70
70
70
70
70
70
70
70
70
70
70
70
70
70
70
70
70
70
70
70
70
70
70
70
70
70
70
70
70
70
70
70
70
70
70
70
83.3
110.25
150.75
209.9
292.63
403.24
542.12
704.59
879.6
1020
1020
1020
1020
1020
1020
1020
1020
1020
1020
1020
1020
1020
1020
1020
1020
1020
1020
1020
1020
1020
1020
1020
1020
1020
1020
1020
1020
1020
1020
1020
1020
1020
1020
1020
1020
1020
1020
1020
1020
1020
1020
1020
1020
1020
1020
1020
1020
1020
1020
1020
1020
1020
1020
1020
1020
1020
1020
1020
1020
1020
1020
1020
1020
1020
999.18
962.79
927.41
892.68
858.26
823.9
789.5
755.07
720.94
686.93
652.92
619
585.28
551.92
519.06
486.84
455.39
424.81
395.21
366.68
339.29
313.1
288.13
264.39
241.85
220.48
200.25
181.11
163.02
145.96
129.9
114.95
101.07
88.166
76.263
70
70
70
70
70
70
70
70
70
70
70
70
70
70
70
70
70
70
70
70
70
70
70
70
70
70
70
70
70
70
70
70
70
70
70
70
70
70
70
70
70
70
70
70
70
70
70
70
70
70
70
70
70
70
70
70
70
70
70
70
70
70
70
70
70
70
70
70
70
70
70
70
70
70
70
70
70
70
70
70
70
70
70
70
70
70
70
70
70
70
70
70
70
70
70
70
70
70
70
70
70
70
70
70
70
70
70
70
70
70
70
70
70
70
70
70
70
70
70
70
70
70
70
70
70
70
70
70
70
70
70
70
70
70
70
70
70
70
70
70
70
70
70
70
70
70
70
70
70
70
70
70
70
70
70
70
70
70
70
70
70
70
70
70
70
70
70
70
70
70
70
70
70
70
70
70
70
70
70
70
70
70
70
70
70
70
70
70
70
70
70
70
70
70
70
70
70
70
70
70
70
70
70
70
70
70
70
70
70
70
70
70
70
70
70
70
70
70
70
70
70
70
70
70
70
70
70
70
70
70
70
70
70
70
70
70
70
70
70
70
70
70
70
70
70
70
70
70
70
70
70
70
70
70
70.075
105.46
162.14
248.54
373.3
543.36
761.05
1020
1020
1020
1020
1020
1020
1020
1020
1020
1020
1020
1020
1020
1020
1020
1020
1020
1020
1020
1020
1020
1020
1020
1020
1020
1020
1020
1020
1020
1020
1020
1020
1020
1020
1020
1020
1020
1020
1020
1020
1020
1020
1020
1020
1020
1020
1020
1020
1020
1020
1020
1020
1020
1020
1020
1020
1020
1020
1020
1020
1020
1020
1020
1020
1020
1020
1020
1020
1020
1020
1020
1020
1013.9
975.05
936.55
899.25
862.91
826.59
790.14
754.96
720.69
687.32
654.99
623.88
594.12
565.83
539.08
513.88
490.19
467.86
446.68
426.35
406.49
386.69
366.53
345.63
323.71
300.58
276.25
250.89
224.84
198.56
172.61
147.57
124.04
102.51
83.332
70
70
70
70
70
70
70
70
70
70
70
70
70
70
70
70
70
70
70
70
70
70
70
70
70
70
70
70
70
70
70
70
70
70
70
70
70
70
70
70
70
70
70
70
70
70
70
70
70
70
70
70
70
70
70
70
70
70
70
70
70
70
70
70
70
70
70
70
70
70
70
70
70
70
70
70
70
70
70
70
70
70
70
70
70
70
70
70
70
70
70
70
70
70
70
70
70
70
70
70
70
70
70
70
70
70
70
70
70
70
70
70
70
70
70
70
70
70
70
70
70
70
70
70
70
70
70
70
70
70
70
70
70
70
70
70
70
70
70
70
70
70
70
70
70
70
70
70
70
70
70
70
70
70
70
70
70
70
70
70
70
70
70
70
70
70
70
70
70
70
70
70
70
70
70
70
70
70
70
70
70
70
70
70
70
70
70
70
70
70
70
70
70
70
70
70
70
70
70
70
70
70
70
70
70
70
70
70
70
70
70
70
70
70
70
70
70
70
70
70
70
70
70
70
70
70
70
70
70
70
70
70
70
70
70
70
70
70
70
70
70
70
70
70
70
70
70
70
70
70
70
70
76.028
108.08
157.99
231.9
335.63
472.77
642.46
836.79
1020
1020
1020
1020
1020
1020
1020
1020
1020
1020
1020
1020
1020
1020
1020
1020
1020
1020
1020
1020
1020
1020
1020
1020
1020
1020
1020
1020
1020
1020
1020
1020
1020
1020
1020
1020
1020
1020
1020
1020
1020
1020
1020
1020
1020
1020
1020
1020
1020
1020
1020
1020
1020
1020
1020
1020
1020
1020
1020
1020
1020
1020
1020
1020
1020
1020
1020
1020
988.74
951.92
915.76
880.04
844.55
809.17
773.84
738.55
703.35
668.31
633.51
599.06
565.09
531.75
499.26
467.65
437.03
407.47
378.98
351.67
325.61
300.8
277.18
254.68
233.26
212.91
193.62
175.32
157.91
141.29
125.45
110.44
96.337
83.222
71.193
70
70
70
70
70
70
70
70
70
70
70
70
70
70
70
70
70
70
70
70
70
70
70
70
70
70
70
70
70
70
70
70
70
70
70
70
70
70
70
70
70
70
70
70
70
70
70
70
70
70
70
70
70
70
70
70
70
70
70
70
70
70
70
70
70
70
70
70
70
70
70
70
70
70
70
70
70
70
70
70
70
70
70
70
70
70
70
70
70
70
70
70
70
70
70
70
70
70
70
70
70
70
70
70
70
70
70
70
70
70
70
70
70
70
70
70
70
70
70
70
70
70
70
70
70
70
70
70
70
70
70
70
70
70
70
70
70
70
70
70
70
70
70
70
70
70
70
70
70
70
70
70
70
70
70
70
70
70
70
70
70
70
70
70
70
70
70
70
70
70
70
70
70
70
70
70
70
70
70
70
70
70
70
70
70
70
70
70
70
70
70
70
70
70
70
70
70
70
70
70
70
70
70
70
70
70
70
70
70
70
70
70
70
70
70
70
70
70
70
70
70
70
70
70
70
70
70
70
70
70
70
70
70
70
70
70
70
70
70
70
70
70
70
70
70
70
70
70
70
70
70
70
70
70
76.425
110.21
164.11
244.74
358.96
513.3
714.25
964.05
1020
1020
1020
1020
1020
1020
1020
1020
1020
1020
1020
1020
1020
1020
1020
1020
1020
1020
1020
1020
1020
1020
1020
1020
1020
1020
1020
1020
1020
1020
1020
1020
1020
1020
1020
1020
1020
1020
1020
1020
1020
1020
1020
1020
1020
1020
1020
1020
1020
1020
1020
1020
1020
1020
1020
1020
1020
1020
1020
1020
1020
1020
1020
1020
1020
1020
1020
1020
1020
983.51
947.26
911.15
875.2
839.49
804.09
769.49
735.27
700.59
665.57
630.83
596.64
563.22
530.7
499.19
468.79
439.6
411.65
384.96
359.52
335.27
312.09
289.87
268.46
247.71
227.47
207.65
188.2
169.13
150.52
132.53
115.34
99.171
84.221
70.67
70
70
70
70
70
70
70
70
70
70
70
70
70
70
70
70
70
70
70
70
70
70
70
70
70
70
70
70
70
70
70
70
70
70
70
70
70
70
70
70
