70
70
70
70
70
70
70
70
70
70
70
70
70
70
70
70
70
70
70
70
70
70
70
70
70
70
70
70
70
70
70
70
70
70
70
70
70
70
70
70
70
70
70
70
70
70
70
70
70
70
70
70
70
70
70
70
70
70
70
70
70
70
70
70
70
70
70
70
70
70
70
70
70
70
70
70
70
70
70
70
70
70
70
70
70
70
70
70
70
70
70
70
70
70
70
70
70
70
70
70
70
70
70
70
70
70
70
70
70
70
70
70
70
70
70
70
70
70
70
70
70
70
70
70
70
70
70
70
70
70
70
70
70
70
70
70
70
70
70
70
70
70
70
70
70
70
70
70
70
70
70
70
70
70
70
70
70
70
70
70
70
70
70
70
70
70
70
70
70
70
70
70
70
70
70
70
70
70
70
70
70
70
70
70
70
70
70
70
70
70
70
70
70
70
70
70
70
70
70
70
70
70
70
70
70
70
70
70
70
70
70
70
70
70
70
70
70
70
70
70
70
70
70
70
70.287
78.807
89.747
103.92
122.29
146.05
176.37
214.36
261.69
319.64
388.05
465.39
549.78
638.48
727.81
812.8
887.34
945.57
983.03
993.02
969.37
912.59
829.74
730.61
625.91
525.56
437.09
364.68
309.72
271.19
246.44
232.14
225.21
223.42
225.35
229.84
235.98
243.04
250.51
258
265.03
271.27
276.67
281.46
285.83
289.91
293.51
296.39
298.53
300.18
301.53
302.68
303.38
301.93
299.25
295.88
291.99
287.65
282.89
277.75
272.28
266.51
260.48
254.23
247.78
241.16
234.41
227.55
220.63
213.66
206.69
199.73
192.8
185.92
179.1
172.35
165.68
159.12
152.66
146.33
140.13
134.09
128.19
122.44
116.85
111.42
106.16
101.05
96.1
91.31
86.683
82.218
77.922
73.795
70
70
70
70
70
70
70
70
70
70
70
70
70
70
70
70
70
70
70
70
70
70
70
70
70
70
70
70
70
70
70
70
70
70
70
70
70
70
70
70
70
70
70
70
70
70
70
70
70
70
70
70
70
70
70
70
70
70
70
70
70
70
70
70
70
70
70
70
70
70
70
70
70
70
70
70
70
70
70
70
70
70
70
70
70
70
70
70
70
70
70
70
70
70
70
70
70
70
70
70
70
70
70
70
70
70
70
70
70
70
70
70
70
70
70
70
70
70
70
70
70
70
70
70
70
70
70
70
70
70
70
70
70
70
70
70
70
70
70
70
70
70
70
70
70
70
70
70
70
70
70
70
70
70
70
70
70
70
70
70
70
70
70
70
70
70
70
70
70
70
70
70
70
70
70
70
70
70
70
70
70
70
70
70
70
70
70
70
70
70
70
70
70
70
70
70
70
70
70
70
70
70
70
70
70
70
70
70
70
70
70
70
70
70
70
70
70
70
70
70
70
70
70
70
70
70
70
70
70
70
70
70
70
70
70
70
70
70
70
70
70
70
70
70
70
70
70
70
70
70
70
70
70
70
70
75.105
83.221
91.603
100.16
109.02
118.18
127.54
138.36
149.62
161.23
173.48
186.38
199.79
213.73
228.3
243.53
259.41
275.77
290.92
306.25
322.7
340.91
361.87
386.3
416
453.17
498.09
549.46
606.12
666.17
724.3
776.62
820.18
851.67
868.39
868.81
852.72
821.76
779.17
729.41
676.56
624.43
578.14
542.39
518.66
506.08
503.13
507.95
518.02
531.34
545.09
554.88
562.32
568.95
574.65
578.74
580.68
580.3
578.13
574.21
570.51
567.24
564.08
560.75
557
553.22
548.9
543.76
537.69
530.63
522.56
513.53
503.61
492.87
481.43
469.41
456.94
444.16
431.12
417.94
404.72
391.52
378.4
365.43
352.6
339.93
327.43
315.16
303.12
291.33
279.79
268.51
257.5
246.75
236.28
226.07
216.15
206.51
197.16
188.1
179.34
170.87
162.7
154.82
147.24
139.95
132.96
126.27
119.85
113.71
107.84
102.25
96.918
91.852
87.039
82.471
78.144
74.048
70.175
70
70
70
70
70
70
70
70
70
70
70
70
70
70
70
70
70
70
70
70
70
70
70
70
70
70
70
70
70
70
70
70
70
70
70
70
70
70
70
70
70
70
70
70
70
70
70
70
70
70
70
70
70
70
70
70
70
70
70
70
70
70
70
70
70
70
70
70
70
70
70
70
70
70
70
70
70
70
70
70
70
70
70
70
70
70
70
70
70
70
70
70
70
70
70
70
70
70
70
70
70
70
70
70
70
70
70
70
70
70
70
70
70
70
70
70
70
70
70
70
70
70
70
70
70
70
70
70
70
70
70
70
70
70
70
70
70
70
70
70
70
70
70
70
70
70
70
70
70
70
70
70
70
70
70
70
70
70
70
70
70
70
70
70
70
70
70
70
70
70
70
70
70
70
70
70
70
70
70
70
70
70
70
70
70
70
70
70
70
70
70
70
70
70
70
70
70
70
70
70
70
70
70
70
70
70
70
70
70
70
70
70
70
70
70
70
70
70
70
70
70
70
70
70
70
70
70
70
70
70
70
70
70
70
70
70
70
70
70
70
76.483
85.068
93.782
102.39
110.84
119.26
127.87
137.04
146.77
158.01
169.88
181.84
193.29
204.48
215.35
225.71
235.65
246.18
256.81
267.56
278.97
291.85
306.96
323.51
340.32
357.76
376.22
398.58
424.71
453.92
486.36
523.44
565.71
612.97
664.95
718.53
770.1
817.73
857.47
885.62
900.08
900.12
886.37
860.85
826.16
786.57
746.71
710.35
679.1
652.83
632.45
617.26
606.94
600.94
597.58
596.04
595.51
595.11
593.93
592.94
592.01
589.91
586.55
581.91
576.49
570.58
564.53
558.39
552.51
547.08
542.34
537.71
532.71
527.46
522.01
516.41
510.42
503.66
496.04
487.62
478.55
469.15
460.56
453.32
447.14
441.55
435.82
429.52
422.33
414.06
404.72
394.42
383.34
371.66
359.55
347.14
334.56
321.93
309.34
296.85
284.54
272.44
260.6
249.06
237.84
226.95
216.4
206.22
196.39
186.92
177.81
169.07
160.68
152.66
144.98
137.65
130.65
123.99
117.65
111.63
105.92
100.5
95.386
90.561
86.011
81.726
77.886
74.524
71.436
70
70
70
70
70
70
70
70
70
70
70
70
70
70
70
70
70
70
70
70
70
70
70
70
70
70
70
70
70
70
70
70
70
70
70
70
70
70
70
70
70
70
70
70
70
70
70
70
70
70
70
70
70
70
70
70
70
70
70
70
70
70
70
70
70
70
70
70
70
70
70
70
70
70
70
70
70
70
70
70
70
70
70
70
70
70
70
70
70
70
70
70
70
70
70
70
70
70
70
70
70
70
70
70
70
70
70
70
70
70
70
70
70
70
70
70
70
70
70
70
70
70
70
70
70
70
70
70
70
70
70
70
70
70
70
70
70
70
70
70
70
70
70
70
70
70
70
70
70
70
70
70
70
70
70
70
70
70
70
70
70
70
70
70
70
70
70
70
73.012
78.392
83.532
88.452
93.254
97.965
103.27
110.04
116.9
123.01
128.6
134.23
140.57
147.36
154.39
161.51
168.81
176.02
183
189.76
198.34
207.6
217.52
228.17
238.87
249.85
259.72
268.32
276.07
283.55
291.53
299.17
305.18
310.65
319.8
333.7
349.92
366.24
381.89
396.44
409.32
420.33
428.98
435.57
440.43
444.6
449.1
453.93
460.92
468.34
475.01
481.15
486.46
490.85
493.74
496.14
498.9
502.11
505.2
507.19
507.29
505.85
503.87
503.6
514.87
525.88
535.46
546.53
559.26
571.47
581.59
593.38
604.65
613.77
621.27
633.14
648.21
667.37
689.89
715.78
746.58
777.76
805.66
827.9
844.15
855.15
861.52
865.28
868.9
872.3
876.62
883.77
892.7
901.25
909.89
918.07
923.19
927.21
931.42
936.82
944.26
954.24
966.89
976.17
979.86
979.49
970.36
955.91
942.84
932.91
925.55
917.52
909.61
902.46
895.94
889.91
884.54
880.25
877.41
874.86
872.35
870.41
869.76
870.64
872.97
875.9
878.33
879.77
881.06
882.95
885.87
889.63
893.72
897.54
900.33
899.25
892.1
879.63
863.94
847.79
835.81
829.07
825.81
824.19
822.98
821.27
818.28
813.85
807.31
798.23
787.18
774.97
762.5
750.49
739.12
728.18
717.3
706.11
694.33
681.82
666.04
641.7
615.05
588.29
562.01
536.46
511.72
487.85
464.87
442.88
421.82
401.72
382.58
364.36
346.98
330.35
314.44
299.2
284.62
270.69
257.41
244.77
232.75
221.34
210.51
200.26
190.56
181.41
172.8
164.71
157.07
149.84
143.02
136.6
130.56
124.9
119.6
114.64
109.99
105.63
101.55
97.739
94.168
90.829
87.706
84.788
82.067
79.517
77.132
74.902
72.814
70.857
70
70
70
70
70
70
70
70
70
70
70
70
70
70
70
70
70
70
70
70
70
70
70
70
70
70
70
70
70
70
70
70
70
70
70
70
70
70
70
70
70
70
70
70
70
70
70
70
70
70
70
70
70
70
70
70
70
70
70
70
70
70
70
70
70
70
70
70
70
70
70
70
70
70
70
70
70
70
70
70
70
70
70
70
70
70
70
70
70
70
70
70
70
70
70
70
70
70
70
70
70
70
70
70
70
70
70
70
70
70
70
70
70
70
70
70
70
70
70
70
70
70
70
70
70
70
70
70
70
70
70
70
70
70
70
70
70
70
70
70
70
70
70
70
70
70
70
70
70
70
70
70
70
70
70
70
70
70
70
70
70
70
70
70
70
70
70
70
70
70
70
70
70
70
70
70
70
72.129
77.229
82.453
88.275
94.636
101.14
108.16
116.21
125.54
135.63
146.31
157.74
169.65
181.4
193.08
204.66
216.26
228.09
240.22
252.87
266.31
279.7
293.56
308.2
324.06
340.06
355.77
371.57
386.9
402.5
419.67
446.9
477.32
513.84
559.1
606.97
650.17
684.83
708.79
724.02
732.53
735.36
734.17
732.48
729.35
731.97
750.88
789.02
829.46
863.32
893
917.03
936.27
948.27
955.32
959.48
961.57
961.79
960.47
958.48
955.51
951.97
947.72
942.86
937.86
932.44
926.53
920.38
914.33
908.83
904.46
901.54
900.96
902.89
908.63
918.17
931.24
947.06
965.47
984.53
1003
1018.3
1029.6
1035.9
1037.7
1034.9
1028
1017.1
1003
987.1
971.26
956.34
941.63
928.7
919.47
914.43
912.08
911.75
912.73
914.38
915.8
916.78
916.77
914.97
911.53
908.04
904.6
901.13
897.84
894.88
892.23
889.45
886.99
883.57
877.81
870.17
861.99
853.85
844.55
834.96
825.23
815.6
806.32
791.61
771.86
750.51
729.01
707.79
686.73
665.63
644.34
622.9
601.6
580.43
559.36
538.53
517.94
497.64
477.69
458.21
439.25
420.82
403.35
387.01
371.32
356.3
342.37
329.7
318.06
307.18
296.78
286.61
276.51
266.41
256.29
246.35
236.58
226.96
217.46
208.13
199.04
190.21
181.68
173.49
165.66
158.21
151.13
144.6
138.42
132.55
127.03
121.94
117.23
112.81
108.66
104.76
101.13
97.749
94.652
91.771
89.067
86.605
84.382
82.399
80.594
78.901
77.286
75.734
74.243
72.817
71.457
70.163
70
70
70
70
70
70
70
70
70
70
70
70
70
70
70
70
70
70
70
70
70
70
70
70
70
70
70
70
70
70
70
70
70
70
70
70
70
70
70
70
70
70
70
70
70
70
70
70
70
70
70
70
70
70
70
70
70
70
70
70
70
70
70
70
70
70
70
70
70
70
70
70
70
70
70
70
70
70
70
70
70
70
70
70
70
70
70
70
70
70
70
70
70
70
70
70
70
70
70
70
70
70
70
70
70
70
70
70
70
70
70
70
70
70
70
70
70
70
70
70
70
70
70
70
70
70
70
70
70
70
70
70
70
70
70
70
70
70
70
70
70
70
70
70
70
70
70
70
70
70
70
70
70
70
70
70
70
70
70
70
70
70
70
70
70
70
70
71.71
75.768
80.194
84.846
89.752
94.926
100.2
105.43
110.57
115.73
120.73
125.78
130.76
135.95
141.25
147.24
153.69
160.19
166.66
174.24
183.07
193
203.39
214.1
224.96
235.65
245.71
254.86
262.92
270.06
276.05
281.64
287.27
294.64
309.22
333.77
367
404.79
441.48
473.97
501.06
521.84
537.52
549.29
558.27
565.16
569.94
572.31
571.98
568.83
563.6
556.76
549.07
542.01
535.99
532.43
531.49
540.82
563.69
598.91
636.82
674.53
706.31
730.62
747.9
759.13
763.97
764.56
763.18
760.51
756.93
752.73
748
743.15
738.53
734.85
732.54
734.69
740.1
749.23
762.24
779.1
800.08
825.84
858.39
894.18
928.11
957.67
981.32
997.73
1005.3
1003.1
991.46
971.7
946.63
919.32
892.94
869.78
851.32
836.87
825.15
815.17
809.16
804.55
798.6
791.12
784.49
785.66
789.38
795.96
802.97
809.04
808.42
811.03
814.75
819.73
824.49
826.62
827.2
827.58
828.47
826.71
822.82
814.61
802.79
791.02
781.57
774.66
769.45
764.9
760.15
754.6
747.95
740.02
730.78
720.34
703.25
678.35
651.73
625.15
599.16
573.99
549.61
525.98
503.07
480.89
459.49
438.88
419.06
400.02
381.74
364.17
347.31
331.15
315.65
300.78
286.54
272.88
259.79
247.26
235.3
223.87
212.96
202.57
192.67
183.25
174.29
165.77
157.69
150.03
142.77
135.9
129.4
123.26
117.47
112.01
106.88
102.06
97.531
93.285
89.311
85.594
82.124
78.887
75.87
73.06
70.445
70
70
70
70
70
70
70
70
70
70
70
70
70
70
70
70
70
70
70
70
70
70
70
70
70
70
70
70
70
70
70
70
70
70
70
70
70
70
70
70
70
70
70
70
70
70
70
70
70
70
70
70
70
70
70
70
70
70
70
70
70
70
70
70
70
70
70
70
70
70
70
70
70
70
70
70
70
70
70
70
70
70
70
70
70
70
70
70
70
70
70
70
70
70
70
70
70
70
70
70
70
70
70
70
70
70
70
70
70
70
70
70
70
70
70
70
70
70
70
70
70
70
70
70
70
70
70
70
70
70
70
70
70
70
70
70
70
70
70
70
70
70
70
70
70
70
70
70
70
70
70
70
70
70
70
70
70
70
70
70
70
70
70
70
70
70
70
70
70
70
70
70
70
70
70
70
70
70
70
70
70
70
70
77.053
87.457
98.522
110
121.82
133.94
146.53
159.56
172.85
186.06
198.92
211.29
223.43
236.27
251.97
268.79
286.03
303.77
321.32
338.64
362.13
384.25
402.97
418.8
432.94
447.38
464.89
481.51
494.15
507.07
520.37
534.07
547.58
559.96
573.86
588.14
603.06
617.24
629.96
640.51
648.13
652.41
653.75
653.15
652.17
652.15
652.83
655.63
660.08
665.65
673.07
681.76
689.74
696.53
703.33
708.69
711.72
714.74
715.6
715.26
716.92
720.38
725.17
730.61
735.14
739.35
743.26
747.87
752.11
754.88
758.68
768.04
778.74
790.35
803.85
821.85
842.18
863.51
885.55
908.26
932.99
957.58
979.68
997.33
1008.3
1010.8
1003.7
987.37
963.62
935.64
907.15
880.07
854.14
830.19
810.04
794.77
784.89
779.31
776.98
776.85
777.97
779.02
778.97
777.29
773.91
769.11
763.22
756.98
749.93
742.08
733.91
725.81
718.5
711.64
704.96
697.28
687.92
676.81
664.18
650.25
635.24
619.38
602.91
586.03
568.96
551.85
534.85
518.12
501.68
485.5
469.56
453.89
438.44
423.23
408.24
393.47
378.96
364.71
350.75
337.1
323.77
310.78
298.21
286.05
274.24
263.15
252.48
242.37
231.17
220.46
211.57
206.51
203.99
202.56
202.03
202.14
202.53
202.91
203.02
202.69
201.81
200.32
198.24
195.6
192.47
188.25
182.03
175.29
168.56
161.97
155.59
149.47
143.62
138.05
132.77
127.77
123.04
118.57
114.37
110.43
106.72
103.25
99.996
96.948
94.098
91.438
88.95
86.618
84.426
82.37
80.438
78.621
76.913
75.302
73.774
72.32
70.933
70
70
70
70
70
70
70
70
70
70
70
70
70
70
70
70
70
70
70
70
70
70
70
70
70
70
70
70
70
70
70
70
70
70
70
70
70
70
70
70
70
70
70
70
70
70
70
70
70
70
70
70
70
70
70
70
70
70
70
70
70
70
70
70
70
70
70
70
70
70
70
70
70
70
70
70
70
70
70
70
70
70
70
70
70
70
70
70
70
70
70
70
70
70
70
70
70
70
70
70
70
70
70
70
70
70
70
70
70
70
70
70
70
70
70
70
70
70
70
70
70
70
70
70
70
70
70
70
70
70
70
70
70
70
70
70
70
70
70
70
70
70
70
70
70
70
70
70
70
70
70
70
70
70
70
70
70
70
70
70
70
70
70.693
73.618
76.427
79.246
81.959
84.505
86.853
89.032
91.094
93.061
94.903
96.626
98.254
99.828
101.39
102.94
104.5
106.03
107.51
109.27
111.16
112.91
114.39
116.04
117.95
120.03
122.14
124.21
126.19
128.03
129.77
131.44
133.02
134.53
135.92
137.19
138.38
140.08
141.72
142.9
144.19
145.84
147.81
150.56
153.99
157.46
160.82
164.22
167.53
170.66
174.38
178.81
183.5
188.28
193.04
197.93
203.47
209.91
216.95
223.81
230.6
237.55
245.94
255.97
266.56
276.85
286.27
294.99
302.7
309.34
315.7
321.6
326.44
330.38
335.3
353.43
369.03
383.06
403.05
427.83
457.48
490.22
527.09
569.19
615.2
663.43
712.15
759.09
801.65
837.02
862.51
875.36
873.65
857.1
827.08
786.85
740.68
693.33
649.02
610.84
578.58
551.62
533.76
524.1
519.82
518.32
517.81
517.27
516.48
514.88
512.06
508.43
504.37
500.13
495.68
490.93
485.91
481.15
476.43
471.46
466.14
460.58
454.98
449.2
443.14
436.76
430.03
422.85
415.2
407.09
398.55
389.68
380.66
371.48
362.33
353.21
344.31
336.12
328.62
321.36
313.93
306.2
298.26
290.22
282.16
274.05
265.88
257.56
249.18
241
233
225.03
217.02
208.97
200.94
192.94
185.02
177.2
169.51
161.97
154.6
147.41
140.42
133.64
127.09
120.77
114.7
108.86
103.28
97.931
92.829
87.968
83.347
78.961
74.805
70.874
70
70
70
70
70
70
70
70
70
70
70
70
70
70
70
70
70
70
70
70
70
70
70
70
70
70
70
70
70
70
70
70
70
70
70
70
70
70
70
70
70
70
70
70
70
70
70
70
70
70
70
70
70
70
70
70
70
70
70
70
70
70
70
70
70
70
70
70
70
70
70
70
70
70
70
70
70
70
70
70
70
70
70
70
70
70
70
70
70
70
70
70
70
70
70
70
70
70
70
70
70
70
70
70
70
70
70
70
70
70
70
70
70
70
70
70
70
70
70
70
70
70
70
70
70
70
70
70
70
70
70
70
70
70
70
70
70
70
70
70
70
70
70
70
70
70
70
70
70
70
70
70
70
70
70
70
70
70
70
70
70
70
70
70
70
70
70
70
70
70
70
70
70
70
70
70
70
70
70
70
70
70
70
70
70
70
70
70
70
70
70
70
70
70
70
70
70
70
70
70
70
70
70
74.357
86.863
99.326
112.35
125.94
139.29
153.46
166.93
179.94
193.55
208.39
225.73
245.5
266.44
288.58
311.59
334.4
356.01
375.19
391.38
404.92
416.71
427.59
436.79
443.57
448.91
453.77
458.25
462.66
467.08
471.76
476.54
481.05
485.08
489.14
493.6
498.76
506.79
515.28
526.75
539.34
552.83
566.78
581.08
595.36
607.59
616.74
622.66
625.06
624.18
620.03
613.1
604.2
594.51
584.57
574.62
565.51
558.74
554.68
554.44
557.56
563.14
570.58
579.34
589.57
600.96
615.22
632.26
652.25
675.48
702.28
732.33
765.38
799.89
834.32
864.92
887.66
899.07
896.78
880.47
851.37
812.09
766.43
718.23
672.46
633.27
603.72
586.02
580.05
581.68
586.13
592.63
600.36
608.65
616.61
623.46
628.84
633.32
636.06
637.83
639.87
642.26
640.68
636.18
630.15
623.12
615.33
606.78
597.4
587.24
576.25
564.55
552.17
539.25
526.05
512.83
499.78
486.93
474.18
461.42
448.59
435.71
422.81
409.91
397.04
384.22
371.46
358.77
346.15
333.66
321.35
309.25
297.38
285.76
274.4
263.3
252.49
241.98
231.78
221.87
212.23
202.86
193.76
184.93
176.38
168.11
160.11
152.38
144.94
137.77
130.88
124.26
117.93
111.87
106.09
100.58
95.331
90.34
85.604
81.118
76.879
72.884
70
70
70
70
70
70
70
70
70
70
70
70
70
70
70
70
70
70
70
70
70
70
70
70
70
70
70
70
70
70
70
70
70
70
70
70
70
70
70
70
70
70
70
70
70
70
70
70
70
70
70
70
70
70
70
70
70
70
70
70
70
70
70
70
70
70
70
70
70
70
70
70
70
70
70
70
70
70
70
70
70
70
70
70
70
70
70
70
70
70
70
70
70
70
70
70
70
70
70
70
70
70
70
70
70
70
70
70
70
70
70
70
70
70
70
70
70
70
70
70
70
70
70
70
70
70
70
70
70
70
70
70
70
70
70
70
70
70
70
70
70
70
70
70
70
70
70
70
70
70
70
70
70
70
70
70
70
70
70
70
70
70
70
70
70
70
70
70
70
70
70
70
70
70
70
70
70
70
70
70
70
70
70
70
70
70
70
70
70
70
70
70
70
70
70
70
70
70
70
70
70
70
70
70
70
70
70
70
70
70
70
70
70
70
70
70
70
70
70
70
70
70
72.872
78.57
84.442
90.344
96.263
102.08
108.08
113.9
119.4
124.67
129.89
135.43
141.35
147.48
154.03
162.72
173.19
185.08
198
210.9
223.16
234.76
245.84
256.5
265.98
274.1
282.56
291.82
300.68
308.56
315.59
321.61
326.96
332.26
338.12
345.35
353.55
362.36
371.44
381.39
391.53
401.45
411.78
425.2
442.33
464.18
488.89
515.85
547.54
582.25
620.36
661.78
704.23
746.54
788.72
827.72
861.16
885.96
899.81
901.1
890.21
868.74
840.11
807.4
774.99
744.61
720.4
703.27
691.51
685.87
686.32
691.48
702.45
707.52
706.61
705.56
706.69
712.35
724.12
741.68
761.36
778.79
792.2
797.51
795.46
791.79
790.82
793.27
797.96
802.12
804.91
805.76
804.94
802.73
799.24
794.22
787.66
779.68
770.48
756.98
733.84
707.96
681.53
655.23
629.36
604.11
579.55
555.7
532.55
510.12
488.4
467.38
447.09
427.52
408.64
390.45
372.92
356.05
339.83
324.25
309.3
294.94
281.57
268.97
256.74
245.22
234.65
224.99
215.98
207.83
200.51
193.59
187.25
181.45
175.88
170.48
165.16
159.82
154.46
149.08
143.72
138.4
133.17
128.07
123.12
118.39
113.93
109.72
105.71
101.89
98.258
94.827
91.589
88.54
85.677
82.996
80.486
78.135
75.929
73.858
71.913
70.088
70
70
70
70
70
70
70
70
70
70
70
70
70
70
70
70
70
70
70
70
70
70
70
70
70
70
70
70
70
70
70
70
70
70
70
70
70
70
70
70
70
70
70
70
70
70
70
70
70
70
70
70
70
70
70
70
70
70
70
70
70
70
70
70
70
70
70
70
70
70
70
70
70
70
70
70
70
70
70
70
70
70
70
70
70
70
70
70
70
70
70
70
70
70
70
70
70
70
70
70
70
70
70
70
70
70
70
70
70
70
70
70
70
70
70
70
70
70
70
70
70
70
70
70
70
70
70
70
70
70
70
70
70
70
70
70
70
70
70
70
70
70
70
70
70
70
70
70
70
70
70
70
78.782
87.57
95.642
102.95
109.76
118.58
127.38
139.46
155.34
173
190.95
208.3
224.71
239.79
253.3
265.04
275.15
283.94
291.77
299.49
307.75
317.54
327.82
337.31
346.2
355.32
364.32
373.27
382.12
390.34
397.76
404.14
409.7
414.68
418.84
422.12
424.67
426.57
428.26
431.26
435.57
439.98
443.59
446.66
450.85
454.67
457.17
457.95
457.32
455.75
453.27
449.68
444.99
439.35
433.18
426.47
419.58
412.34
404.64
396.09
387.09
378.05
369.47
361.58
354.38
349.07
345.27
342.51
340.66
342.25
346.39
352.6
359.52
369.45
379.27
387.16
394.46
400.77
405.84
409.92
414.43
420.36
429.28
439.91
451.46
462.84
472.72
480.63
486.64
490.98
493.79
495.35
496.17
496.88
497.45
498.41
500.94
506.05
514.75
528.14
547.51
573.24
605.21
642.64
685.14
730.15
774.22
813.39
843.24
859.55
859.09
840.07
803.19
752.01
692.4
631.08
574.83
528.45
494.03
472.64
462.39
461.77
468.09
479.84
493.69
506.02
518.45
530.92
544.15
556.08
565.22
572.06
578.14
583.69
588.25
595.82
608.64
626.14
645.56
663.28
677.99
689.89
693.99
692.7
687.59
679.3
668.26
654.85
639.55
622.81
605.05
586.59
567.71
548.62
529.5
510.5
491.7
473.2
455.05
437.29
419.95
403.07
386.65
370.7
355.21
340.19
325.64
311.55
297.93
284.76
272.03
259.79
248.01
236.66
225.71
215.14
204.98
195.25
185.91
176.98
168.41
160.18
152.3
144.75
137.54
130.67
124.11
117.88
111.98
106.4
101.09
96.062
91.296
86.788
82.533
78.523
74.75
71.202
70
70
70
70
70
70
70
70
70
70
70
70
70
70
70
70
70
70
70
70
70
70
70
70
70
70
70
70
70
70
70
70
70
70
70
70
70
70
70
70
70
70
70
70
70
70
70
70
70
70
70
70
70
70
70
70
70
70
70
70
70
70
70
70
70
70
70
70
70
70
70
70
70
70
70
70
70
70
70
70
70
70
70
70
70
70
70
70
70
70
70
70
70
70
70
70
70
70
70
70
70
70
70
70
70
70
70
70
70
70
70
70
70
70
70
70
70
70
70
70
70
70
70
70
70
70
70
70
70
70
70
70
70
70
70
70
70
70
70
70
70
70
70
70
70
70
70
70
70
70
70
70
70
70
70
70
70
70
70
70
70
70
70
70
70
70
70
70
70
70
70
70
70
70
70
70
70
70
70
70
70
70
70
70
70
70
70
70
70
70
70
73.933
79.896
86.31
93.054
100.16
107.39
114.66
121.95
129.27
136.78
144.72
153.51
163
173.75
185.39
198.17
210.32
221.36
231.43
241.01
249.96
258.27
266.12
273.54
280.72
287.85
302.07
319.11
336.92
359.9
382.76
402.63
420.96
437.83
452.8
469.05
483.04
493.12
501.11
506.09
508.85
512.18
515.78
519.59
523.66
528.87
540.48
555.97
571.5
585.6
596.29
604.32
609.85
614.37
618.23
620.71
621.25
622.55
625.27
630.68
641.49
654.99
670.85
685.49
697.14
704.81
709.42
712.1
713.97
715.75
717.81
720.84
726.97
745.45
764.3
782.38
800.39
823.47
851.43
882.2
913.33
942.28
968.13
989.18
1003.4
1009.2
1006.2
993.33
970.88
941.23
907.3
872.04
839.28
811.91
791.06
775.79
765.17
758.67
755.33
753.63
752.18
749.5
746.24
743.19
740.45
737.62
734.2
729.92
724.23
716.89
708
697.64
686.14
673.77
660.61
647.37
634.63
621.47
608.02
595.18
583.31
571.92
561.64
551.85
543.22
537.85
538.03
541.29
544.71
543.26
537.25
528.76
518.73
507.6
495.51
482.67
469.29
455.46
441.45
428.47
415.44
401.57
387.09
372.36
357.66
343.16
328.92
314.98
301.36
288.1
275.23
262.81
250.86
239.38
228.34
217.72
207.5
197.67
188.25
179.24
170.64
162.45
155.17
148.45
141.88
135.45
129.27
123.38
117.79
112.51
107.54
102.88
98.516
94.431
90.604
87.008
83.627
80.452
77.473
74.681
72.068
70
70
70
70
70
70
70
70
70
70
70
70
70
70
70
70
70
70
70
70
70
70
70
70
70
70
70
70
70
70
70
70
70
70
70
70
70
70
70
70
70
70
70
70
70
70
70
70
70
70
70
70
70
70
70
70
70
70
70
70
70
70
70
70
70
70
70
70
70
70
70
70
70
70
70
70
70
70
70
70
70
70
70
70
70
70
70
70
70
70
70
70
70
70
70
70
70
70
70
70
70
70
70
70
70
70
70
70
70
70
70
70
70
70
70
70
70
70
70
70
70
70
70
70
70
70
70
70
70
70
70
70
70
70
70
70
70
70
70
70
70
70
70
70
70
70
70
70
70
70
70
70
70
70
70
70
70
70
70
70
70
77.039
85.979
95.765
106.9
118.65
130.34
142.56
155.46
171.95
189.7
207.51
225.45
243.58
261.3
278.43
295.21
311.1
325.96
339.91
352.68
364.5
375.73
386.57
396.91
406.62
416.1
425.15
433.78
441.32
448.39
455.18
463.1
471.91
481.46
492.65
504.24
516.05
529.44
541.66
555.56
570.42
584.73
597.32
607.3
614.68
619.36
621.75
621.84
618.48
612.38
603.98
596.01
589.84
587.36
589.87
596.26
605.03
615.21
625.55
634.77
642.43
647.92
654.38
655.98
656.18
657.5
661.63
667.25
676.9
686.65
695.7
704.04
710.46
714.37
715.82
715.13
714.48
711.76
706.54
698.64
688.93
677.66
664.98
651.35
637.31
624.13
613.72
605.26
600.15
600.09
605.02
615.45
627.75
640.1
650.64
659.22
668.6
679.16
691.54
707.04
727.53
753.04
783.6
817.42
851.25
882.59
909.29
929.39
939.38
938.31
926.92
906.96
880.56
850.45
819.19
788.95
761.41
737.95
719.17
705.19
695.58
689.54
685.67
683.44
682.27
682.08
682.05
684.44
690.09
696.25
700.52
704.12
707.7
710.67
712.87
713.7
712.79
709.81
704.82
697.63
688.64
678.37
666.91
655.22
644.84
636.47
630.92
628.72
615.62
596.65
586.05
586.09
592.21
599.72
606.03
610.05
611.44
610.23
606.96
603.97
599.36
590.51
578.69
564.91
546.98
527.25
506.94
486.57
466.43
446.67
427.33
408.47
390.14
372.37
355.2
338.64
322.71
307.4
292.72
278.68
265.26
252.45
240.25
228.63
217.6
207.16
197.27
187.92
179.08
170.75
162.91
155.53
148.74
142.44
136.54
130.96
125.83
121.11
116.69
112.53
108.57
104.89
101.46
98.224
95.144
92.22
89.453
86.848
84.401
82.097
79.923
77.874
75.946
74.136
72.433
70.827
70
70
70
70
70
70
70
70
70
70
70
70
70
70
70
70
70
70
70
70
70
70
70
70
70
70
70
70
70
70
70
70
70
70
70
70
70
70
70
70
70
70
70
70
70
70
70
70
70
70
70
70
70
70
70
70
70
70
70
70
70
70
70
70
70
70
70
70
70
70
70
70
70
70
70
70
70
70
70
70
70
70
70
70
70
70
70
70
70
70
70
70
70
70
70
70
70
70
70
70
70
70
70
70
70
70
70
70
70
70
70
70
70
70
70
70
70
70
70
70
70
70
70
70
70
70
70
70
70
70
70
70
70
70
70
70
70
70
70
70
70
70
70
70
70
70
70
70
70
70
70
70
70
70
70
70
70
70
70
70
70
70
70
70
70
70
70
70
70
70
72.938
77.319
81.983
86.774
91.311
95.746
100.32
104.9
109.34
113.56
117.55
121.4
125.67
129.98
135.06
140.88
148.12
157.43
168.54
180.97
194.54
208.21
221.24
233.1
243.34
251.84
269.23
286.86
299.78
309.07
316.98
324.48
331.31
337.3
342.44
346.7
349.95
351.76
352.12
351.94
352
352.53
353.34
352.81
359.14
374.41
396.77
424.73
454.94
493.32
527.75
551.26
564.47
572.32
577.21
580.53
583.88
588.58
592.54
595.11
595.48
593.53
589.68
584.33
578.26
571.04
563.82
558.72
558.69
562.38
566.93
571.63
576.47
581.8
591.8
601.02
613.46
635.56
668.1
706.77
749.09
791.71
832.27
868.9
900.3
924.91
941.1
947.43
943.71
929.27
904.66
871.6
832.1
790.25
750.51
717.35
693.88
679.49
671.23
667.04
665.09
665.83
668.76
672.8
678.12
685.15
692.55
700.42
709.56
717.66
723.47
728.57
731.78
732.22
729.07
723.58
716.27
707.3
697.36
687.09
676.75
665.95
654.26
641.48
627.59
612.69
597.1
581.02
565.69
553.75
541.69
528.47
514.88
501.19
487.32
473.2
458.89
444.49
429.99
415.38
400.69
386.02
371.44
357
342.76
328.76
315.04
301.83
289.37
277.41
265.85
254.61
243.64
233.1
222.97
213.4
204.36
195.66
187.3
179.31
171.79
164.78
158.1
151.6
145.27
139.11
133.14
127.37
121.8
116.44
111.31
106.4
101.72
97.268
93.045
89.049
85.292
81.755
78.423
75.29
72.357
70
70
70
70
70
70
70
70
70
70
70
70
70
70
70
70
70
70
70
70
70
70
70
70
70
70
70
70
70
70
70
70
70
70
70
70
70
70
70
70
70
70
70
70
70
70
70
70
70
70
70
70
70
70
70
70
70
70
70
70
70
70
70
70
70
70
70
70
70
70
70
70
70
70
70
70
70
70
70
70
70
70
70
70
70
70
70
70
70
70
70
70
70
70
70
70
70
70
70
70
70
70
70
70
70
70
70
70
70
70
70
70
70
70
70
70
70
70
70
70
70
70
70
70
70
70
70
70
70
70
70
70
70
70
70
70
70
70
70
70
70
70
70
70
70
70
70
70
70
70
70
70
70
70
70
70
70
70
70
70
70
70
70
70
70
70
70
74.907
83.294
91.652
99.892
107.98
115.92
123.75
131.58
138.8
145.7
152.49
160.03
168.53
177.88
187.74
197.75
207.71
220.36
232.89
244.81
258.76
273.86
288.88
302.97
315.85
327.51
338.26
349.12
360.02
370.85
382.26
394.63
406.97
418.47
428.77
436.98
443.39
448.67
452.33
454.24
454.66
454.4
453.18
450.93
447.98
444.45
440.44
437.73
435.73
440.8
449.53
459.62
470.98
486.82
505.84
524.35
539.82
550.89
557.45
559.59
557.69
553.65
548.1
542.19
536.15
529.58
522.61
515.54
507.96
499.74
496.41
501.2
509.76
522
543.31
567.11
590.67
614.22
631.3
646.4
660.87
677.2
696.75
716.08
732.21
744.48
752.98
758.6
762.96
765.22
765.82
766.09
767.15
770.46
777.95
791.77
812.46
843.3
874.4
903.32
932.24
960.06
982.33
996.93
1003.5
1001.6
991.59
973.75
949.3
920.86
890.79
862.37
836.61
814.15
795.38
780.08
767.85
758.27
750.56
744.84
738.68
730.37
722.26
714.58
706.75
698.6
692.55
689.66
682.92
675.21
669.43
667.97
666.51
666.88
670.1
676.11
683.16
689.35
689.09
684.54
677.09
667.25
655.32
641.63
626.42
609.99
592.6
574.67
556.76
538.57
520.26
502.2
484.5
467.17
450.23
433.95
418.36
403.45
389.25
375.43
362.63
350.72
339.19
327.84
316.56
305.31
294.1
282.93
271.82
260.81
249.96
239.28
228.82
218.61
208.68
199.06
189.75
180.78
172.15
163.86
155.91
148.32
141.08
134.19
127.64
121.43
115.56
110.01
104.78
99.87
95.26
90.934
86.874
83.067
79.502
76.163
73.039
70.125
70
70
70
70
70
70
70
70
70
70
70
70
70
70
70
70
70
70
70
70
70
70
70
70
70
70
70
70
70
